2219.5453	2219.613	2219.6408	2219.6762	2219.7742	2219.8084
2219.5896	2219.6206
2219.6484	2219.7407
2204.7907	2204.8514	2204.9153	2204.9589	2204.9842
2204.8994	2204.9386
2202.2579	2202.3053	2202.3768	2202.4274	2202.5184	2202.5772
2202.2763	2202.3101
2169.7594	2169.7979	2169.8877	2169.9718	2170.0578
2169.8299	2169.8893
2165.4589	2165.4835	2165.5354	2165.6498	2165.7598	2165.7933	2165.8142
2165.4898	2165.5784
2165.7348	2165.7728
2153.782	2153.8395	2153.8446	2153.8977	2153.9856	2154.0342	2154.0798	2154.136	2154.1948
2153.8708	2153.9135
2154.0801	2154.1382
2147.1232	2147.1731	2147.213	2147.2673	2147.3306	2147.3603	2147.4633
2147.2354	2147.2762
2147.3498	2147.3897
2143.0882	2143.159	2143.2905	2143.3449	2143.3911	2143.4612	2143.4979	2143.5725
2143.1862	2143.2504
2143.2678	2143.3019
2143.3553	2143.404
2136.9042	2136.9624	2137.0377	2137.13		2137.2229	2137.2621
2137.0016	2137.0414
2137.1752	2137.2207
2132.3123	2132.4501	2132.5532	2132.6151	2132.6575	2132.7017	2132.7447
2132.4156	2132.4691
2132.586	2132.6249
2130.1582	2130.193	2130.2442	2130.3055	2130.3643	2130.4016	2130.4339
2130.2284	2130.2562
2130.3444	2130.3814
2126.8902	2126.9553	2126.985	2127.0476	2127.0956	2127.157
2126.8933	2126.949
2127.0292	2127.0628
2126.7662	2126.8061	2126.8895	2126.954	2126.9856	2127.0482	2127.095	2127.157
2126.704	2126.7365
2125.5017	2125.5346	2125.5871	2125.6383	2125.6712	2125.7161
2125.5697	2125.6023
2125.6468	2125.6797
2113.9817	2114.0411	2114.0955	2114.1448	2114.1739
2114.0152	2114.0651
2114.1056	2114.1511
2108.9231	2108.9408	2108.98		2109.0116	2109.054	2109.1071
2108.9465	2108.9835
2109.0328	2109.0685
2083.1895	2083.2673	2083.3305	2083.4481	2083.5
2083.2935	2083.3786
1972.5167	1972.5907	1972.6621	1972.7102	1972.7449	1972.7658	1972.81
1972.5644	1972.6052
1972.6703	1972.7222
1965.7692	1965.8115	1965.845	1965.8766	1965.9481		1966.0695
1965.9041	1965.9569
1964.1247	1964.2284	1964.3169	1964.3397	1964.3567
1964.2034	1964.2382
1956.4626	1956.4992	1956.5359		1956.5726	1956.6143
1956.5068	1956.552
1956.5814	1956.6273
1952.5085	1952.5496	1952.6286		1952.6887	1952.7336	1952.7728	1952.7917	1952.8309	1952.891
1952.5215	1952.5597
1952.7965	1952.8379
1916.1712	1916.1902	1916.2338	1916.3204	1916.3716
1916.2142	1916.2512
1914.9042	1914.9415	1915.0028	1915.0869	1915.109
1914.9753	1915.0246
1912.123	1912.1634	1912.2121	1912.2532	1912.2905	1912.319	1912.3676
1912.2235	1912.2554
1912.2845	1912.3284
1902.5205	1902.5653	1902.6197	1902.6576	1902.6779	1902.7209
1902.5865	1902.6213
1889.9059	1889.9382	1889.9749	1890.0128	1890.0691	1890.1247
1889.9913	1890.0254
1888.3226	1888.3732	1888.432	1888.4762	1888.5685	1888.6077
1888.4484	1888.4873
1888.0779	1888.0937	1888.1449	1888.2113	1888.2783
1888.1076	1888.1547
1856.7389	1856.7724	1856.8141	1856.8609	1856.9008	1856.9773
1856.7762	1856.8296
1856.8587	1856.9188
