-94.05	106.20	7.80	7.80 
134.59 	369.28 	256.01 	243.24 
-131.54 159.30 	19.80  24.30 
-45.21 	134.65 	29.65  32.09 
92.48 	493.20 	354.26 264.26 
-80.22	0.00	-40.11	-50.44 
-21.00 	58.61 	13.69 	8.33 
-156.16 -33.51 	-94.84	-73.93 
-108.43 -9.52 	-58.98 	-82.94 
83.22 	147.62 	115.42 	122.76 
64.52	211.74	136.03	152.05 
118.10 	233.93 	167.37 	165.64 
31.88 	141.51 	86.70 	84.36 
72.77 	261.38 	149.23 	152.13 
15.59 	193.75 	102.70 	104.70 
159.73	356.66	256.63	217.89 
-82.26 	-11.06 	-46.66 	-42.01 
150.84 	434.90 	265.38 	232.54 
-152.41 47.23 	-59.47	-109.90 
-148.47 -3.99 	-76.23 	-85.81 
-101.53	93.90	-0.42	-33.03 
28.23 	227.63 	124.92 	117.16 
-6.20 	294.73 	146.44 	160.64 
123.42 	529.71 	310.72 	398.88 
-168.48 311.28 	130.87 	151.00 
