90.49	383.76	255.52	284.48 
121.24 	385.24 	261.82 	271.64 
-3.24 	439.02 	195.88 	156.09 
135.32 	454.06 	294.21 	298.95 
-84.79 	269.43 	123.54 	80.37 
-177.30	-7.65	-92.48	-119.25 
144.80 	261.68 	203.19 	195.13 
154.29 	325.24 	244.86 	253.86 
-123.65 -50.56 	-87.11 	-83.76 
-137.75 -8.80 	-73.28 	-89.78 
139.10	297.54	209.29	157.13 
55.64 	240.31 	153.27 	159.27 
-60.00 	219.17 	66.16 	118.01 
-33.67 	261.69 	145.56 	129.96 
51.50 	251.91 	152.36 	161.57 
128.32	171.48	149.90	144.00 
-121.68 -15.12 	-68.40	-69.84 
-102.20 57.84 	-25.55 	-54.92 
156.39 	402.45 	290.82 	206.33 
152.27 	332.10 	220.18 	236.46 
111.77	420.96	264.27	208.66 
-86.29 	38.60 	-21.18 	-40.24 
143.34 	363.91 	250.29 	264.74 
-119.22 131.45 	-18.47	-16.83 
145.38 	402.93 	279.14 	267.29 
