-121.49	143.66	7.46	-28.42 
174.18 	380.81 	277.27 	302.51 
155.48 	419.46 	283.07 	284.15 
-126.47 85.46 	-38.19 	-10.56 
-145.29 417.08 	114.18 	-8.85 
-53.65	104.53	26.53	16.27 
60.34 	232.35 	150.62 	93.79 
-149.55 7.54 	-67.49	-87.95 
168.28 	232.32 	199.41 	194.92 
115.47 	196.03 	153.69 	160.77 
-150.11	-106.74	-128.42	-123.27 
-148.21 112.22 	-40.08 	-76.53 
99.65 	260.29 	179.75 	219.38 
22.62 	179.43 	101.03 	67.64 
81.30 	233.18 	162.97 	96.73 
-122.27	77.74	-17.09	-50.10 
-149.08 19.89 	-63.05 	-98.07 
-153.58 59.73 	-24.50 	-63.45 
155.39 	242.33 	194.88 	191.12 
62.22 	110.77 	86.50 	82.61 
-101.53	93.90	-0.42	-33.03 
28.23 	227.63 	124.92 	117.16 
-6.20 	294.73 	146.44 	160.64 
123.42 	529.71 	310.72 	398.88 
-168.48 311.28 	130.87 	151.00 
