0  -177.871300  0.000000   177.871300
1  148.338596  61.294680   160.503510
2  -203.907555  -329.740973   387.694984
3  -109.358716  229.013215   253.784124
4  53.100703  -41.905492   67.644326
5  -30.982882  -6.053894   31.568791
6  -19.539943  104.783258   106.589589
7  36.479739  -133.298370   138.199953
8  8.329038  4.467910   9.451725
9  48.925011  -10.335859   50.004866
10  17.610319  -53.824608   56.632251
11  22.996217  -11.463500   25.695094
12  172.773939  25.458830   174.639589
13  -176.655953  84.523540   195.835530
14  189.490902  -46.085386   195.014524
15  -242.641858  -410.639322   476.969311
16  -180.727984  555.291789   583.961964
17  400.908750  26.285450   401.769524
18  -86.794284  -182.950142   202.494450
19  -193.047571  234.741797   303.926102
20  235.965572  19.947776   236.807231
21  -62.541848  -152.446982   164.777320
22  -66.052101  26.704688   71.246196
23  28.478463  -7.095992   29.349207
24  -38.871015  -9.883513   40.107850
25  65.771914  28.554218   71.702776
26  -30.056358  -21.931708   37.207317
27  9.858405  -0.284258   9.862502
28  36.838708  -29.910006   47.452070
29  -8.008987  11.825326   14.282234
30  12.608751  -12.652556   17.862468
31  22.599991  -18.698612   29.332536
32  -57.124888  51.050417   76.611996
33  38.966506  4.376716   39.211532
34  -44.507198  -57.322076   72.572110
35  -27.213895  42.308952   50.305502
36  57.570046  -1.738612   57.596293
37  -3.381158  -46.555470   46.678089
38  -17.456865  44.387269   47.696664
39  23.737498  -18.328868   29.990269
40  -0.103123  -53.866621   53.866719
41  -54.205413  68.687164   87.499447
42  58.457415  46.293996   74.568113
43  -7.499128  -41.680175   42.349427
44  -37.099441  -16.168202   40.469486
45  -16.995314  9.699601   19.568418
46  14.441289  48.408354   50.516527
47  18.574980  2.682850   18.767727
48  12.723866  -21.401567   24.898269
49  8.312520  25.268620   26.600774
50  -35.421092  -24.840835   43.263389
51  -8.099473  21.047798   22.552412
52  32.407030  -4.124185   32.668403
53  -24.139921  -17.665708   29.913425
54  -3.203706  -0.211567   3.210684
55  43.726797  35.440846   56.285756
56  6.269337  -14.859085   16.127523
57  -26.268935  -28.559152   38.803120
58  10.336800  38.987067   40.334115
59  9.306381  -22.696598   24.530477
60  11.948166  -26.050619   28.659962
61  -17.827814  -0.962050   17.853752
62  -3.614861  5.002254   6.171691
63  20.462445  4.672033   20.989034
64  -12.628268  -1.707743   12.743215
65  -10.274118  -8.124091   13.098028
66  4.961674  4.243575   6.528870
67  1.264634  -9.273228   9.359063
68  -3.303366  10.332125   10.847352
69  -2.681070  -3.490731   4.401516
70  -2.915534  2.939777   4.140366
71  12.622479  -4.770759   13.493966
72  1.012418  -0.265487   1.046648
73  3.189617  -2.574221   4.098813
74  -4.182934  -3.596798   5.516692
75  -5.319085  -0.940750   5.401637
76  14.497382  9.464774   17.313464
77  -2.534485  -1.571855   2.982339
78  7.980889  5.939371   9.948403
79  5.524072  -17.055441   17.927728
80  -1.571082  -7.988460   8.141486
81  -6.892831  -2.459287   7.318416
82  8.648000  -4.438072   9.720308
83  -2.304203  -7.609737   7.950940
84  2.263585  8.978283   9.259232
85  -3.532249  20.337804   20.642264
86  -11.588106  -7.479665   13.792375
87  5.436785  -22.418344   23.068177
88  2.301023  -6.456112   6.853910
89  -4.678775  9.997511   11.038168
90  12.670602  -14.774717   19.463721
91  -11.019369  -5.102391   12.143348
92  3.986929  11.332885   12.013737
93  -11.002578  10.398513   15.138883
94  -1.795065  0.871090   1.995259
95  13.541466  -6.564411   15.048681
96  -11.667462  1.939636   11.827589
97  6.183205  -4.861056   7.865233
98  12.221683  10.405763   16.051462
99  5.147815  11.760811   12.838095
100  -11.214030  -2.844705   11.569219
101  -13.244699  -7.284137   15.115578
102  1.572245  2.258311   2.751713
103  -7.546487  8.355904   11.259245
104  -6.111574  2.882183   6.757094
105  18.569456  -12.286781   22.266336
106  13.431405  1.595853   13.525879
107  -12.456271  -9.591606   15.721246
108  2.983439  3.469270   4.575668
109  -6.652398  18.212298   19.389229
110  3.517263  -4.486905   5.701181
111  14.848751  -14.538401   20.781013
112  -13.292008  -3.096427   13.647906
113  -10.763441  3.422355   11.294431
114  -1.774979  2.186815   2.816507
115  -4.735730  16.391209   17.061620
116  5.138398  -13.806310   14.731508
117  0.777108  -11.568848   11.594919
118  -5.716348  19.457343   20.279666
119  15.500061  -2.136291   15.646585
120  -6.353171  -10.457009   12.235678
121  -21.889685  -6.446073   22.819075
122  7.988984  -6.413777   10.245018
123  12.614627  8.552991   15.240816
124  -8.429507  0.077787   8.429865
125  1.800356  -10.542801   10.695416
126  4.725204  -0.654807   4.770359
127  4.988864  -2.766540   5.704604
128  -10.768468  11.933276   16.073674
129  -2.142468  7.255740   7.565443
130  1.311016  -2.483247   2.808074
131  -7.881032  -4.962695   9.313378
132  11.886580  3.624465   12.426887
133  0.170337  -11.397490   11.398763
134  -12.555379  10.168359   16.156518
135  6.617056  0.855005   6.672066
136  -0.589923  10.338965   10.355781
137  -3.256930  0.453591   3.288364
138  -3.879051  -5.902679   7.063190
139  -13.631300  -2.855575   13.927191
140  4.604831  -0.103987   4.606005
141  2.385895  -6.054721   6.507852
142  10.014015  12.325154   15.880488
143  7.197129  -1.165292   7.290856
144  -4.591473  -3.130317   5.557023
145  6.147170  -8.052084   10.130338
146  2.904678  8.296379   8.790169
147  -4.680174  3.382756   5.774692
148  -1.658883  0.949841   1.911568
149  6.467715  -1.515527   6.642902
150  -7.766408  -10.090723   12.733412
151  -3.865825  2.183466   4.439834
152  8.738405  9.609280   12.988378
153  -1.543175  7.577068   7.732616
154  -1.586395  -3.712075   4.036849
155  -3.063179  -12.561562   12.929652
156  3.666763  1.057394   3.816180
157  -0.799511  5.121543   5.183572
158  -4.165744  15.707231   16.250247
159  7.691466  -2.961032   8.241745
160  -2.732173  -4.044042   4.880476
161  2.119766  0.834199   2.278003
162  13.127174  -4.573602   13.901098
163  -6.465939  5.457239   8.461077
164  -0.374179  -5.510442   5.523132
165  -10.241325  -1.249846   10.317308
166  3.650621  9.284220   9.976161
167  5.810051  -1.980148   6.138215
168  6.599865  -0.198007   6.602834
169  -9.156009  -7.159463   11.622840
170  4.432057  -0.705091   4.487792
171  -8.534017  10.475226   13.511470
172  5.986952  3.519704   6.944920
173  -1.745290  0.184502   1.755016
174  2.457643  1.085874   2.686844
175  1.611003  -2.472271   2.950839
176  -4.900067  0.729306   4.954043
177  -7.200154  5.024680   8.780070
178  0.756279  -1.520384   1.698095
179  -0.778863  13.189964   13.212940
180  7.002563  -3.048926   7.637528
181  5.355999  -0.381659   5.369580
182  -12.804731  -1.616203   12.906326
183  -3.639189  0.391457   3.660182
184  5.728503  -0.040531   5.728646
185  14.769129  2.275585   14.943409
186  -8.478512  3.521304   9.180672
187  -0.978459  8.477739   8.534017
188  -5.256567  -6.812049   8.604389
189  1.948220  -2.162980   2.911021
190  -2.094716  -6.539150   6.866464
191  5.993320  11.229626   12.728880
192  15.870579  6.051517   16.985174
193  -7.745586  -9.328966   12.125333
194  -3.273395  -8.080032   8.717914
195  1.506863  8.763738   8.892342
196  4.572623  1.175197   4.721225
197  -3.041494  -2.162191   3.731723
198  -1.806998  -4.630353   4.970454
199  8.738403  3.026301   9.247604
200  -1.425250  -8.992556   9.104801
201  4.977256  -1.668096   5.249345
202  1.281350  -7.963889   8.066312
203  -23.500586  2.445555   23.627490
204  2.735038  -0.797183   2.848848
205  2.765163  9.838468   10.219667
206  1.144213  3.937797   4.100667
207  7.726885  -13.811882   15.826334
208  -8.157742  1.765953   8.346697
209  -0.651655  5.777879   5.814511
210  -0.204729  -0.020920   0.205795
211  -6.332433  -0.017971   6.332458
212  4.119816  -1.567962   4.408105
213  2.603566  -0.239250   2.614536
214  -15.483677  9.037732   17.928325
215  -0.375740  5.463384   5.476290
216  2.024215  9.862265   10.067856
217  12.283616  -9.239886   15.370840
218  8.519703  3.249959   9.118529
219  10.934269  -5.202288   12.108759
220  2.058882  5.724255   6.083263
221  -12.113346  -3.212285   12.532036
222  3.075658  0.158175   3.079723
223  17.866652  2.359799   18.021818
224  -1.764593  -4.304865   4.652488
225  -1.072558  -0.255997   1.102685
226  5.100416  0.083108   5.101093
227  -0.026169  -4.402662   4.402739
228  -5.646897  -1.829139   5.935756
229  2.862900  1.458262   3.212899
230  3.586461  1.375045   3.841022
231  0.319585  -1.645031   1.675787
232  0.581039  -8.807419   8.826564
233  -2.806662  3.688183   4.634657
234  4.633841  -7.818437   9.088478
235  -1.364325  6.187201   6.335838
236  -7.436428  2.577439   7.870429
237  8.589953  -1.286884   8.685814
238  -11.136347  -9.382678   14.562036
239  -10.554717  6.241096   12.261865
240  9.838331  -3.814017   10.551752
241  -3.887182  -2.257235   4.495030
242  -11.141086  0.293585   11.144954
243  2.741532  10.751173   11.095211
244  17.562785  -1.272385   17.608815
245  -9.922024  -13.700582   16.916043
246  -4.593228  0.387414   4.609537
247  0.659437  -1.183207   1.354561
248  -5.261179  9.815954   11.137009
249  3.813272  -7.620240   8.521097
250  -0.041296  2.513374   2.513713
251  1.209897  -1.919231   2.268765
252  9.537921  -0.912272   9.581450
253  -5.116193  4.849064   7.049032
254  15.395631  10.300237   18.523508
255  2.699866  -16.127818   16.352241
256  -10.800510  5.347443   12.051811
257  7.024074  6.987940   9.908023
258  9.509371  -4.090966   10.352011
259  -6.382189  1.719378   6.609735
260  0.396047  5.437232   5.451637
261  14.072301  -1.953843   14.207292
262  3.373393  1.965055   3.904001
263  -1.056526  0.377924   1.122085
264  3.040050  -5.479715   6.266513
265  6.700520  3.658343   7.634163
266  -9.694046  -18.191094   20.612871
267  -3.893642  -3.265820   5.081931
268  -6.731513  4.826456   8.282991
269  7.149618  -1.771788   7.365885
270  0.293598  -5.278552   5.286711
271  -3.551657  -1.330693   3.792758
272  -1.545841  -4.153012   4.431381
273  -3.022669  3.114352   4.340013
274  3.028148  -1.296092   3.293863
275  -4.167320  -5.239703   6.694852
276  -0.401729  -3.246419   3.271180
277  -4.182086  -1.051607   4.312276
278  -2.500593  2.146775   3.295695
279  1.583212  2.481419   2.943468
280  3.761765  0.137332   3.764271
281  -10.088591  1.907016   10.267248
282  9.655269  -7.731241   12.369167
283  -14.454682  -2.390481   14.651015
284  4.342865  6.897241   8.150608
285  -0.410863  2.331676   2.367599
286  -1.756979  13.142124   13.259049
287  3.648926  -0.399784   3.670761
288  2.982306  -5.515446   6.270111
289  0.069866  7.807498   7.807811
290  5.419796  -0.446532   5.438160
291  6.060857  1.645253   6.280195
292  3.806263  6.403376   7.449218
293  -3.028876  -4.186545   5.167325
294  1.089135  -10.683474   10.738847
295  4.009027  8.074241   9.014747
296  -2.985651  0.333072   3.004172
297  11.776325  -1.837342   11.918794
298  3.830975  -5.157285   6.424481
299  5.180080  -10.821596   11.997506
300  -3.598899  -3.149402   4.782343
301  7.481452  1.218018   7.579953
302  -3.741803  -4.733025   6.033459
303  0.211603  -3.503863   3.510247
304  -4.938403  -0.389795   4.953763
305  1.537256  -9.512801   9.636210
306  -3.101577  1.373675   3.392162
307  2.330162  3.817645   4.472590
308  1.818900  -10.332858   10.491728
309  -0.622624  -4.715540   4.756467
310  -6.536035  4.152893   7.743789
311  -4.883748  -5.481687   7.341654
312  -2.608150  5.888110   6.439898
313  -6.057288  7.523031   9.658506
314  -4.988804  -10.992941   12.071989
315  -14.877698  8.685426   17.227377
316  -0.820985  13.967136   13.991244
317  6.068703  2.072305   6.412769
318  1.569282  -5.915709   6.120315
319  9.800440  -0.667181   9.823124
320  -5.465609  1.904650   5.787968
321  -12.879254  3.752165   13.414691
322  9.908126  -4.364993   10.827009
323  -8.761646  3.088346   9.290012
324  5.290275  4.782622   7.131654
325  6.947825  -2.878104   7.520356
326  -3.221372  2.668987   4.183387
327  4.926993  -5.982629   7.750298
328  2.700158  -0.953967   2.863722
329  -0.952125  5.341249   5.425448
330  9.553988  2.380456   9.846078
331  -5.538083  -11.575735   12.832303
332  -11.493606  -2.251345   11.712025
333  7.104952  -6.679205   9.751519
334  3.108354  6.221377   6.954667
335  0.666408  -3.252258   3.319832
336  7.892733  2.945768   8.424535
337  4.755284  -8.406979   9.658676
338  -6.960416  -14.632884   16.203971
339  -2.395412  -1.703074   2.939126
340  -3.827245  -2.049156   4.341295
341  -11.669154  -12.982766   17.456270
342  -0.683680  4.999560   5.046089
343  0.289064  2.361043   2.378672
344  10.263511  -9.307715   13.855440
345  -8.106470  5.763851   9.946700
346  -3.146269  -1.104925   3.334646
347  2.188869  1.396616   2.596475
348  0.634035  -4.406183   4.451567
349  -5.900154  7.917346   9.874016
350  2.934289  -2.409312   3.796687
351  -0.486772  4.637619   4.663095
352  -3.405886  -0.170806   3.410166
353  -15.931141  5.883570   16.982863
354  12.669068  4.587319   13.474004
355  2.356825  9.469313   9.758202
356  1.006871  -1.471651   1.783128
357  14.649529  0.781464   14.670357
358  0.098377  -7.513775   7.514419
359  -10.140272  -0.185445   10.141968
360  2.138714  9.048180   9.297509
361  8.327483  1.372811   8.439880
362  5.581005  -3.844591   6.777057
363  -2.153149  -2.843194   3.566483
364  1.098970  0.169089   1.111902
365  -2.221084  -5.022790   5.491961
366  -3.053083  -1.355430   3.340436
367  0.739791  1.019849   1.259914
368  -3.884660  5.808270   6.987602
369  -2.949877  3.715080   4.743795
370  3.473546  -4.952079   6.048852
371  -4.227234  -5.277687   6.761915
372  4.417763  3.710206   5.769078
373  -3.112085  -0.956168   3.255662
374  1.519994  5.250248   5.465847
375  3.242651  -10.372672   10.867709
376  -6.715206  -3.337218   7.498735
377  -1.818513  9.015723   9.197296
378  6.860911  1.239050   6.971897
379  -3.356967  9.091754   9.691709
380  0.039678  -7.649666   7.649769
381  6.167133  -6.173639   8.726245
382  0.163321  3.056480   3.060841
383  1.208217  -6.679296   6.787693
384  -4.583622  -7.841988   9.083301
385  -6.341188  10.778439   12.505415
386  -2.169075  7.648961   7.950566
387  6.027915  -2.983572   6.725880
388  -4.558960  0.480190   4.584180
389  6.444952  6.489744   9.146266
390  1.450031  -2.173781   2.613028
391  1.227959  0.193959   1.243183
392  -2.896920  4.681664   5.505463
393  2.298827  4.251361   4.833081
394  11.747975  -3.727273   12.325075
395  -2.410177  -7.053972   7.454360
396  -0.631710  2.898196   2.966243
397  0.034907  2.833669   2.833884
398  1.295529  2.312041   2.650270
399  7.493266  -2.746399   7.980711
400  5.915047  -5.036678   7.768906
401  -2.848623  -4.983162   5.739909
402  -5.863654  4.735554   7.537103
403  -6.143818  -0.901366   6.209586
404  3.148769  -5.411501   6.260917
405  3.378559  -8.665639   9.300966
406  1.722367  4.249877   4.585630
407  2.392290  -2.535446   3.485905
408  -1.034546  -4.384373   4.504776
409  -2.487947  -2.094817   3.252405
410  1.709549  -3.407666   3.812446
411  0.972366  -3.928836   4.047376
412  -9.109260  4.911917   10.349181
413  4.462643  0.531225   4.494149
414  -0.675514  1.067114   1.262954
415  -0.127855  -10.578783   10.579555
416  -6.834228  0.295151   6.840599
417  0.093392  7.178293   7.178901
418  -0.730790  -0.118886   0.740397
419  -2.246999  0.719884   2.359499
420  4.784127  3.175972   5.742357
421  -2.439995  -1.193685   2.716332
422  -4.627579  2.383602   5.205386
423  4.293924  -3.532668   5.560354
424  -2.259196  6.666382   7.038793
425  -0.783779  -1.738612   1.907113
426  2.360381  -1.525712   2.810551
427  -1.955767  5.928723   6.242978
428  6.437209  -1.310628   6.569277
429  5.230413  -2.013097   5.604443
430  -1.727941  2.091743   2.713147
431  -3.984031  -0.335021   3.998093
432  -0.211025  0.506987   0.549151
433  -0.832718  -2.066435   2.227908
434  12.699472  3.489063   13.170047
435  -3.719183  -7.570463   8.434704
436  0.031034  4.796950   4.797051
437  4.028967  -0.697777   4.088944
438  0.210790  -3.565483   3.571708
439  0.953745  -3.889113   4.004352
440  -0.324134  -3.913124   3.926526
441  -8.461282  4.847615   9.751547
442  -1.494769  1.614313   2.200078
443  3.778858  -12.087677   12.664585
444  -1.377134  5.929420   6.087242
445  -1.918762  2.212904   2.928923
446  4.518408  2.199175   5.025175
447  0.206316  1.974243   1.984994
448  -4.370199  -5.503733   7.027782
449  -8.051318  -8.736009   11.880302
450  -1.310567  9.412316   9.503119
451  2.305544  6.608841   6.999451
452  -2.969405  -5.841723   6.553099
453  -0.508865  0.336241   0.609920
454  1.928331  6.215447   6.507707
455  0.214730  -2.503921   2.513112
456  4.428302  2.374955   5.024965
457  3.041210  4.956065   5.814769
458  6.325933  -3.255559   7.114498
459  -4.801690  -1.758178   5.113454
460  -4.141167  -1.061569   4.275067
461  -3.374383  -0.426922   3.401283
462  5.986129  3.286089   6.828771
463  3.212822  2.791622   4.256216
464  3.693154  -1.812680   4.114024
465  -0.720541  -3.793292   3.861119
466  6.015322  -6.202622   8.640406
467  -1.937173  3.627163   4.112050
468  7.181339  -4.112871   8.275707
469  -5.654830  1.432607   5.833478
470  0.420056  -4.861676   4.879789
471  3.969185  1.740781   4.334137
472  2.607946  -3.516101   4.377710
473  -3.876864  -3.616083   5.301521
474  -0.245717  4.922953   4.929081
475  1.212329  -5.413191   5.547286
476  -6.376975  -3.269065   7.166073
477  0.367040  2.675143   2.700205
478  -0.357992  -2.247663   2.275994
479  -1.008048  -0.993860   1.415598
480  -4.731085  -3.744045   6.033327
481  0.643913  0.673202   0.931571
482  2.231390  0.798208   2.369860
483  7.504807  0.635505   7.531667
484  -7.516633  -0.747212   7.553681
485  -0.188570  -1.532700   1.544256
486  -4.093129  4.080846   5.779879
487  1.566693  1.831577   2.410229
488  -1.489146  -5.047933   5.263002
489  2.016660  10.450589   10.643389
490  -1.095797  -5.090732   5.207333
491  3.506655  0.803565   3.597547
492  2.639039  -1.823058   3.207502
493  -3.335342  -2.072363   3.926728
494  -2.367760  -0.486190   2.417161
495  8.413512  7.432046   11.225974
496  1.845716  0.291478   1.868590
497  -3.502037  -2.814439   4.492809
498  2.425121  3.097740   3.934108
499  3.434252  2.703395   4.370633
500  2.730910  -2.115596   3.454507
501  4.179804  3.392619   5.383366
502  -2.460689  -4.367212   5.012737
503  -1.970854  -0.204511   1.981436
504  -1.655098  -4.050953   4.376023
505  -0.602177  -2.061397   2.147551
506  0.950790  7.151770   7.214695
507  3.354624  -3.540539   4.877389
508  -5.854315  -5.620780   8.115797
509  -0.832110  -1.000554   1.301352
510  0.098804  1.850800   1.853436
511  2.848507  -2.011740   3.487276
512  -5.803419  -1.545553   6.005697
513  -4.846001  -5.820846   7.574032
514  -4.723496  8.588079   9.801353
515  3.140279  -6.792806   7.483553
516  -0.043143  2.590283   2.590643
517  -10.886588  5.898456   12.381825
518  4.425827  2.014691   4.862810
519  2.498241  -1.384593   2.856275
520  0.137578  -2.552197   2.555903
521  1.402688  1.037742   1.744833
522  2.366474  2.313455   3.309422
523  -5.653849  -4.618330   7.300341
524  0.061637  6.748542   6.748824
525  5.562769  -3.439328   6.540136
526  -1.151611  0.094802   1.155506
527  2.121264  2.999678   3.673939
528  3.660082  1.498618   3.955004
529  -0.330372  0.861858   0.923008
530  6.515168  2.854856   7.113200
531  -1.509011  1.824979   2.368050
532  1.729386  -0.356070   1.765662
533  3.348266  -2.900611   4.429947
534  -2.723871  3.589269   4.505810
535  0.349860  -3.323187   3.341553
536  -0.060907  -2.986878   2.987499
537  0.579527  -0.878511   1.052442
538  2.288125  -1.882593   2.963051
539  5.259962  1.128624   5.379683
540  -1.424484  -0.759148   1.614144
541  -6.624971  0.937294   6.690946
542  0.992334  -2.271161   2.478487
543  -1.317204  0.460819   1.395486
544  1.915513  -1.061059   2.189757
545  -0.152272  0.151504   0.214802
546  2.803760  2.297150   3.624634
547  -3.977587  -7.852595   8.802525
548  -0.125753  0.262646   0.291198
549  -0.325448  -0.246749   0.408413
550  0.370537  -1.299110   1.350920
551  -8.218797  3.998069   9.139649
552  -1.409856  0.486016   1.491277
553  -3.161302  1.826029   3.650782
554  3.359616  3.045855   4.534782
555  2.348359  1.140104   2.610485
556  -4.587870  2.512889   5.230981
557  2.113268  -5.662351   6.043850
558  3.304822  -0.082774   3.305858
559  -1.449757  0.792655   1.652300
560  2.916848  -2.735847   3.999107
561  -6.014730  1.206610   6.134564
562  -9.581105  5.007242   10.810645
563  10.293944  3.698792   10.938297
564  4.039288  -2.167107   4.583907
565  2.433845  -5.257709   5.793713
566  -4.092132  -2.080171   4.590496
567  1.025840  1.845416   2.111376
568  4.779473  -2.152443   5.241791
569  -0.802072  -2.060619   2.211215
570  -1.878475  -4.749586   5.107567
571  3.962789  2.672906   4.779971
572  4.973088  -1.328600   5.147503
573  -1.277709  -0.222980   1.297019
574  -7.478523  2.420058   7.860342
575  6.627613  -0.073248   6.628018
576  -2.020009  -6.021554   6.351342
577  -1.760575  -4.191149   4.545916
578  -1.137328  -1.459187   1.850066
579  -4.602662  3.901419   6.033703
580  2.367060  -1.518111   2.812051
581  1.404515  -2.243575   2.646940
582  2.998002  0.057077   2.998545
583  -1.136404  2.299431   2.564916
584  3.708719  -1.258906   3.916560
585  -2.717104  0.056354   2.717689
586  -3.741539  -3.577855   5.176887
587  0.599419  -3.264461   3.319038
588  1.065449  3.263377   3.432901
589  -1.336649  3.839774   4.065771
590  -0.638901  -1.888134   1.993300
591  -0.876544  8.148580   8.195589
592  4.784665  0.132004   4.786486
593  -0.449519  0.613789   0.760792
594  -6.226115  2.678856   6.777963
595  3.190008  1.331744   3.456832
596  -3.204647  3.632340   4.843930
597  2.711824  -1.084295   2.920562
598  -1.175745  3.882908   4.057013
599  6.164980  0.364896   6.175770
600  -0.395269  2.205478   2.240618
601  0.185688  -0.694951   0.719331
602  5.127833  0.288085   5.135919
603  1.926784  -0.807102   2.088997
604  -4.700218  -2.680737   5.410953
605  1.470145  -1.892167   2.396169
606  -4.381225  3.431791   5.565278
607  1.713746  -0.461682   1.774845
608  0.641013  -3.695009   3.750199
609  1.880586  0.657467   1.992201
610  -0.022999  2.313014   2.313129
611  -2.230509  0.294708   2.249894
612  -1.914520  4.249666   4.661014
613  4.341407  1.303707   4.532931
614  -2.485317  -4.906373   5.499936
615  -2.448861  2.559583   3.542371
616  2.016093  -0.158362   2.022303
617  0.153855  -0.154883   0.218312
618  -2.372855  1.749499   2.948082
619  -1.165019  -3.024897   3.241492
620  7.847651  -1.305473   7.955494
621  -4.368324  -4.173511   6.041560
622  1.568437  -0.536276   1.657584
623  -0.155610  -0.255277   0.298966
624  -0.254986  -2.776274   2.787959
625  -1.485193  -3.251802   3.574915
626  -0.464489  -1.064107   1.161066
627  4.696306  5.479573   7.216718
628  -0.319421  -1.871069   1.898139
629  -4.699957  -2.256273   5.213479
630  2.261416  3.761022   4.388541
631  -4.319819  -0.090922   4.320776
632  5.218670  4.067667   6.616678
633  2.339922  -3.539342   4.242897
634  -1.966664  2.058244   2.846776
635  2.986387  0.376008   3.009965
636  2.798657  -0.695833   2.883863
637  1.585681  -0.201487   1.598431
638  0.342532  2.111040   2.138649
639  0.306803  -0.092308   0.320388
640  3.564531  -0.007773   3.564539
641  -4.641051  -3.113223   5.588516
642  -2.128186  -0.962615   2.335766
643  -4.139370  -0.091440   4.140380
644  -2.239151  2.424990   3.300662
645  -0.319393  3.198445   3.214353
646  1.216123  -5.187010   5.327667
647  -0.270051  -1.259599   1.288223
648  0.177929  -1.604474   1.614310
649  0.617030  -0.337546   0.703323
650  3.317699  -3.331870   4.701966
651  -2.990409  -2.178417   3.699736
652  -3.832682  -6.014745   7.132083
653  0.142210  -0.033707   0.146150
654  0.954753  -1.622543   1.882604
655  -0.765402  4.957830   5.016565
656  5.315338  0.577552   5.346624
657  -1.069925  -1.593669   1.919510
658  1.234225  -1.867812   2.238757
659  -1.740575  1.941169   2.607247
660  0.041539  1.394854   1.395472
661  -0.241425  0.117818   0.268639
662  -0.929045  0.404856   1.013427
663  -4.007045  -0.242891   4.014400
664  1.157650  -0.164765   1.169316
665  -0.955824  4.499740   4.600137
666  3.142550  -3.742995   4.887293
667  1.329787  -0.988574   1.656989
668  2.266550  -1.227239   2.577473
669  -3.795081  2.243233   4.408485
670  3.147971  2.137593   3.805131
671  -1.400653  -1.178680   1.830605
672  0.250254  2.302281   2.315842
673  -0.676810  -2.524446   2.613599
674  0.438566  0.689376   0.817055
675  3.442613  3.754915   5.094209
676  -0.722029  -1.071789   1.292307
677  2.418646  0.225001   2.429089
678  -2.221056  -4.426525   4.952496
679  -4.190467  4.626121   6.241875
680  -0.329959  1.574028   1.608240
681  -0.702348  0.361377   0.789865
682  1.258034  2.647637   2.931319
683  2.195657  4.440908   4.954046
684  -2.499102  0.338904   2.521976
685  4.335079  0.958921   4.439869
686  -4.700541  -1.480208   4.928093
687  1.878915  3.867998   4.300201
688  -4.373531  -0.873994   4.460004
689  1.526809  1.867700   2.412354
690  -2.588674  -1.672930   3.082195
691  -0.744092  0.689357   1.014340
692  2.033777  0.153745   2.039580
693  -1.383449  1.025885   1.722315
694  -2.966110  1.450988   3.301996
695  -0.368568  1.432527   1.479181
696  -0.036946  -1.945533   1.945884
697  3.253619  -0.088075   3.254810
698  -1.480642  2.705862   3.084475
699  -0.215387  -0.745248   0.775748
700  -0.090103  3.305057   3.306285
701  0.419434  -2.716069   2.748264
702  -0.466966  2.663110   2.703740
703  0.752958  0.630293   0.981945
704  0.532846  0.551133   0.766598
705  0.897144  -0.278937   0.939507
706  0.013863  0.374978   0.375235
707  -0.717133  0.907053   1.156298
708  1.747914  0.982851   2.005293
709  7.177040  -0.252864   7.181493
710  1.022585  -0.636242   1.204360
711  -3.572553  -0.067511   3.573191
712  -2.417099  3.712977   4.430413
713  3.263711  3.131800   4.523271
714  -1.082167  -2.328415   2.567607
715  1.345844  -1.235043   1.826643
716  -2.801702  0.625415   2.870658
717  0.027478  1.900207   1.900406
718  0.416034  -2.784170   2.815082
719  0.165462  2.472812   2.478341
720  1.167384  0.216606   1.187310
721  0.251957  -2.806800   2.818086
722  -5.003881  1.229127   5.152628
723  -3.448864  -1.168668   3.641490
724  -0.038017  3.340880   3.341096
725  1.473005  1.182308   1.888808
726  1.029656  -1.522169   1.837714
727  -0.804690  1.390942   1.606937
728  -0.739952  1.338995   1.529849
729  -3.575146  1.180463   3.764992
730  3.941523  2.587678   4.715048
731  1.526449  -4.164697   4.435623
732  -0.068302  0.064978   0.094272
733  0.682671  -1.852989   1.974742
734  0.048198  -0.130144   0.138782
735  -3.895859  -0.609420   3.943236
736  3.377503  0.976725   3.515895
737  1.553063  3.616802   3.936147
738  -2.212092  -0.398267   2.247658
739  2.345628  1.032112   2.562660
740  4.029210  -1.370858   4.256029
741  -1.458564  -3.596126   3.880661
742  1.976863  0.149434   1.982502
743  -1.060647  1.380707   1.741070
744  -0.624330  0.566819   0.843251
745  -0.841562  -0.534381   0.996889
746  0.003843  -3.404389   3.404391
747  -1.565155  1.520149   2.181872
748  -0.931581  1.966488   2.175987
749  2.492095  -3.448341   4.254597
750  -0.770127  -0.253827   0.810879
751  1.199415  0.052921   1.200581
752  -2.923338  2.412292   3.790126
753  1.489871  -2.727695   3.108060
754  1.394582  0.013697   1.394649
755  -3.363825  2.883986   4.430879
756  -0.787283  2.036285   2.183179
757  2.552585  1.695094   3.064153
758  0.462962  -0.991179   1.093970
759  -4.307777  -4.447566   6.191751
760  -1.816711  0.690838   1.943630
761  1.376824  -0.261156   1.401373
762  -1.125897  4.988596   5.114073
763  1.891759  2.789918   3.370815
764  1.782811  -4.469774   4.812203
765  -1.281088  2.841599   3.117029
766  1.562057  -4.578643   4.837768
767  0.981657  -1.676350   1.942626
768  1.839733  -3.944613   4.352538
769  -0.741799  4.559504   4.619452
770  -0.056160  2.393084   2.393743
771  -1.214260  0.362192   1.267126
772  -2.763765  -0.588375   2.825701
773  2.129543  0.542226   2.197490
774  3.370256  -1.229301   3.587451
775  0.691911  0.588436   0.908294
776  0.744567  0.643990   0.984430
777  1.165791  -0.352540   1.217930
778  4.172609  -3.584605   5.500914
779  -2.158405  0.232197   2.170859
780  -1.690694  -3.657447   4.029313
781  -0.784406  -0.506206   0.933562
782  1.676170  2.987101   3.425247
783  -0.793053  -1.126327   1.377514
784  -0.720000  -0.408095   0.827612
785  -2.995200  -1.419435   3.314517
786  -2.410506  -0.077986   2.411768
787  1.322316  0.917207   1.609282
788  -2.111002  -1.987848   2.899633
789  -0.112226  2.310536   2.313260
790  2.025892  1.535433   2.542005
791  0.136345  -3.184652   3.187569
792  1.954510  0.218181   1.966650
793  -0.664858  0.793112   1.034921
794  -2.194837  3.731813   4.329403
795  -0.312564  3.624376   3.637829
796  1.568391  0.066396   1.569795
797  -1.302161  1.073176   1.687404
798  1.539632  0.058979   1.540761
799  1.137219  3.144953   3.344249
800  -2.116330  1.226892   2.446246
801  2.031852  0.125225   2.035707
802  2.297780  -1.096001   2.545783
803  1.764218  2.002880   2.669081
804  -1.562239  0.093444   1.565031
805  0.175173  0.237556   0.295158
806  3.817390  0.379875   3.836245
807  -0.263473  -0.086692   0.277369
808  -3.155768  -2.853453   4.254534
809  1.136476  3.190709   3.387064
810  3.280938  5.984676   6.825020
811  4.132470  -3.089087   5.159434
812  -5.173308  0.937841   5.257629
813  3.358946  0.298038   3.372142
814  -1.486409  -3.357974   3.672247
815  -4.142655  -1.315924   4.346637
816  0.740754  0.301089   0.799607
817  -0.830895  -0.393038   0.919166
818  -2.386699  0.303544   2.405924
819  -0.464811  -3.076806   3.111717
820  4.386190  5.425350   6.976609
821  0.849980  1.577766   1.792153
822  -3.636737  2.033621   4.166710
823  0.180296  -2.048970   2.056887
824  -4.135827  2.179834   4.675120
825  2.664622  -1.670241   3.144824
826  -1.337731  0.383833   1.391708
827  0.137441  3.369486   3.372288
828  -0.157351  -3.425796   3.429408
829  -3.110712  3.574984   4.738886
830  2.559233  1.634420   3.036611
831  -0.848715  -3.397583   3.501983
832  -4.474606  -0.225927   4.480306
833  -0.273441  2.821999   2.835216
834  1.453300  0.559903   1.557425
835  3.936815  -3.238190   5.097488
836  -2.224618  2.398587   3.271413
837  -2.617781  0.101471   2.619747
838  1.306111  0.980190   1.633003
839  -0.900074  0.794473   1.200550
840  0.956530  -0.387524   1.032049
841  0.311816  0.147065   0.344757
842  0.774627  0.466119   0.904054
843  0.399398  -3.108213   3.133769
844  3.657778  2.041640   4.188990
845  -4.902142  -1.996062   5.292945
846  1.108439  2.407247   2.650185
847  -0.584765  0.234110   0.629887
848  2.819649  1.794682   3.342350
849  -0.093045  -1.757939   1.760400
850  0.834671  -0.824497   1.173231
851  2.236889  -0.259176   2.251853
852  1.193869  -0.946603   1.523608
853  2.946466  1.155469   3.164929
854  -1.007920  -0.132214   1.016555
855  -2.338613  -2.348538   3.314323
856  1.007308  -3.793739   3.925192
857  -5.375089  -1.217720   5.511300
858  2.414336  1.190345   2.691829
859  2.608375  0.529295   2.661536
860  1.397037  -2.389415   2.767855
861  1.589782  -3.194047   3.567821
862  -1.619547  -1.260915   2.052521
863  3.659825  0.002451   3.659826
864  -1.718729  -1.688213   2.409168
865  0.164081  4.638820   4.641721
866  -0.928786  2.096364   2.292899
867  -0.605699  -2.769388   2.834851
868  -0.840044  -1.649722   1.851285
869  0.886943  1.050986   1.375223
870  1.409474  -1.186893   1.842643
871  -2.387846  -0.972553   2.578308
872  -0.929726  -0.828629   1.245398
873  1.330296  -0.005079   1.330306
874  -0.568648  2.242230   2.313213
875  3.218234  2.911390   4.339726
876  -1.962167  -1.018768   2.210879
877  -0.325282  1.497470   1.532392
878  2.184498  -1.055754   2.426241
879  -1.062055  1.507787   1.844284
880  3.103965  0.060813   3.104561
881  2.424612  -0.110814   2.427143
882  1.107614  -0.651261   1.284892
883  0.593942  1.626873   1.731901
884  1.597701  -1.497180   2.189566
885  2.472849  -0.451946   2.513810
886  -1.211791  0.199113   1.228040
887  1.926234  -2.152638   2.888638
888  1.658409  -5.317565   5.570172
889  -0.443219  -0.770835   0.889174
890  -0.755879  -0.956731   1.219297
891  2.112008  -0.614164   2.199494
892  1.205058  -0.443011   1.283909
893  -1.560156  -1.862293   2.429449
894  -4.074314  3.687547   5.495274
895  1.801614  -0.878325   2.004313
896  1.656018  -1.597365   2.300863
897  -0.433644  -2.250469   2.291868
898  -1.750130  1.724212   2.456800
899  2.098380  0.353517   2.127951
900  -2.004497  1.253744   2.364293
901  0.194686  0.405658   0.449957
902  -0.493200  -1.615620   1.689223
903  2.396186  3.656582   4.371761
904  -2.381039  -0.002068   2.381040
905  -0.956901  -1.997204   2.214607
906  -0.782743  0.681487   1.037840
907  1.868524  0.804457   2.034338
908  -1.930671  0.212377   1.942316
909  -0.091047  1.465259   1.468085
910  -0.789182  1.898988   2.056444
911  -1.005004  -0.136185   1.014189
912  1.761959  1.316962   2.199748
913  2.676835  2.080034   3.389983
914  -1.648460  -0.511019   1.725851
915  0.540345  1.526107   1.618943
916  3.410070  -3.449970   4.850863
917  -0.455263  -0.418520   0.618403
918  1.237688  -3.817578   4.013200
919  -1.260782  1.345796   1.844110
920  -1.635225  0.659632   1.763257
921  -3.911226  0.105256   3.912642
922  0.318525  0.728287   0.794896
923  -0.675621  -1.076885   1.271277
924  -0.837118  -4.656685   4.731330
925  -1.541286  -0.388064   1.589388
926  -0.874562  -2.262264   2.425428
927  -1.909184  1.574572   2.474725
928  -0.407575  -0.192892   0.450915
929  -2.209253  -2.646919   3.447750
930  2.568731  5.273358   5.865721
931  0.905147  -0.528252   1.048018
932  -0.357448  0.432539   0.561123
933  -1.884485  -1.757012   2.576504
934  3.737644  -0.470751   3.767173
935  0.215330  -0.586974   0.625225
936  -1.602119  0.633582   1.722850
937  1.768396  -0.321852   1.797446
938  -1.638832  2.169533   2.718942
939  -1.293055  1.586243   2.046499
940  2.575332  3.106723   4.035352
941  0.697677  2.061389   2.176254
942  1.152399  0.705395   1.351150
943  -0.100349  -2.364308   2.366436
944  1.774037  -3.441118   3.871499
945  0.682825  -0.219633   0.717279
946  2.591873  0.599625   2.660330
947  2.721901  0.548253   2.776567
948  0.404651  1.226767   1.291781
949  0.468399  0.737844   0.873963
950  -0.814966  0.242712   0.850341
951  1.348192  3.196544   3.469224
952  0.402932  -3.655860   3.677998
953  -1.380990  -1.582991   2.100713
954  -1.092180  1.094457   1.546187
955  -0.985676  0.319837   1.036269
956  1.095184  -2.268549   2.519076
957  -1.469321  -1.786268   2.312932
958  0.367111  0.463020   0.590896
959  0.483191  0.109895   0.495531
960  0.236170  1.017276   1.044330
961  0.171713  -2.489596   2.495510
962  -1.224840  -2.476614   2.762942
963  -1.005628  -2.920678   3.088956
964  -4.102241  0.209263   4.107575
965  -2.788065  2.878066   4.007065
966  -0.501557  0.391330   0.636159
967  -3.436575  -3.309982   4.771376
968  0.931243  0.520362   1.066766
969  -1.103380  -1.407774   1.788652
970  2.655854  3.036386   4.034006
971  0.517927  0.515518   0.730758
972  0.309962  -0.733646   0.796438
973  0.472592  1.588450   1.657262
974  -0.088806  -2.853865   2.855246
975  -0.480471  2.628780   2.672328
976  1.151061  1.284566   1.724833
977  0.896729  -0.186171   0.915851
978  1.312390  -0.580750   1.435144
979  -1.442524  -0.776233   1.638113
980  0.893755  0.491224   1.019852
981  2.511369  -1.502095   2.926305
982  -1.073587  -2.389913   2.619975
983  -1.515243  1.648283   2.238928
984  -0.447603  2.327808   2.370452
985  2.190756  1.465602   2.635793
986  -2.287934  0.799042   2.423450
987  -1.326950  -0.301605   1.360795
988  0.492976  -2.491592   2.539893
989  -1.368683  -0.289696   1.399006
990  -0.223787  1.066042   1.089278
991  -2.346836  -0.309441   2.367149
992  3.524010  0.056571   3.524464
993  -2.312301  -3.074453   3.846946
994  0.392050  -0.633025   0.744596
995  -1.140702  1.872430   2.192532
996  2.031812  -0.630579   2.127413
997  -4.471713  1.316448   4.661465
998  -0.635766  2.829408   2.899957
999  0.396159  -3.072651   3.098085
1000  -0.179181  0.891739   0.909563
1001  -1.888857  -0.985278   2.130389
1002  1.579248  -0.868471   1.802295
1003  0.491399  3.497930   3.532278
1004  2.027066  -1.098582   2.305618
1005  0.224435  -0.661220   0.698271
1006  1.326888  -0.072285   1.328855
1007  0.518611  -1.420551   1.512258
1008  -0.388870  0.629047   0.739540
1009  -0.167039  -0.150633   0.224927
1010  -0.279801  0.166734   0.325713
1011  -0.444101  -2.847374   2.881798
1012  1.132326  -0.241449   1.157782
1013  0.403531  -0.977352   1.057381
1014  -1.635944  0.298081   1.662879
1015  2.134512  -0.329694   2.159824
1016  0.179991  0.215362   0.280673
1017  -0.285105  -0.941704   0.983917
1018  0.905784  0.017438   0.905952
1019  1.237239  -2.367778   2.671541
1020  0.081439  -0.647285   0.652388
1021  0.066918  -1.029154   1.031327
1022  0.500456  -1.331668   1.422602
1023  -0.941637  3.109787   3.249224
1024  1.405594  0.420985   1.467284
1025  2.450111  -0.900383   2.610313
1026  -0.170276  -0.292852   0.338757
1027  -0.632173  -0.431651   0.765484
1028  0.322542  0.645694   0.721771
1029  -0.052999  1.641497   1.642352
1030  -0.227975  -0.818801   0.849946
1031  -0.169271  -0.717989   0.737673
1032  -1.853925  1.964451   2.701130
1033  0.516780  2.723433   2.772030
1034  2.419161  -0.351395   2.444549
1035  0.714171  1.704892   1.848431
1036  -0.948213  0.752076   1.210259
1037  -0.823862  -1.801146   1.980624
1038  -2.175599  1.561392   2.677906
1039  -2.060710  -2.911427   3.566922
1040  -2.636412  0.789089   2.751968
1041  0.683933  1.149773   1.337812
1042  4.336196  -0.293456   4.346114
1043  2.693170  0.051492   2.693662
1044  -0.721294  -1.323543   1.507326
1045  -2.720808  1.839507   3.284293
1046  0.767772  0.646840   1.003930
1047  -1.341338  0.027970   1.341630
1048  -2.975031  2.965731   4.200758
1049  0.254863  -2.125660   2.140885
1050  1.429800  -1.159417   1.840808
1051  -0.153488  1.075010   1.085912
1052  -0.085606  2.456058   2.457550
1053  -1.203068  -1.627182   2.023633
1054  0.186866  -0.238527   0.303008
1055  -0.030680  -0.254647   0.256488
1056  -1.516141  -0.688340   1.665082
1057  1.103430  -2.186566   2.449210
1058  -0.921473  2.125869   2.316988
1059  1.335145  0.690175   1.502982
1060  2.197433  1.349953   2.578970
1061  0.613450  1.636844   1.748021
1062  -1.390097  -0.356076   1.434977
1063  -3.601075  -0.538251   3.641079
1064  -0.188485  -0.541067   0.572957
1065  -0.619239  2.736648   2.805833
1066  3.802031  0.281753   3.812456
1067  -1.833414  -0.272738   1.853589
1068  0.128609  0.340474   0.363955
1069  0.737257  -1.964965   2.098722
1070  -1.491218  -2.213312   2.668797
1071  0.012143  2.400294   2.400325
1072  0.366149  0.370680   0.521027
1073  1.417034  -2.844079   3.177542
1074  1.019497  -2.322319   2.536245
1075  -0.748066  1.009082   1.256125
1076  -1.071725  2.937028   3.126456
1077  -0.632145  0.162985   0.652818
1078  -0.688827  1.217017   1.398432
1079  3.147511  -1.575620   3.519858
1080  0.129114  1.761722   1.766447
1081  -0.884779  2.004224   2.190832
1082  -0.022128  0.177191   0.178568
1083  -1.901942  0.987571   2.143054
1084  1.743737  1.335130   2.196177
1085  -1.934809  0.682070   2.051513
1086  0.226813  -1.879570   1.893206
1087  -0.965539  -1.250246   1.579677
1088  0.397393  -0.510087   0.646615
1089  1.236158  0.028103   1.236477
1090  0.697074  -0.984666   1.206432
1091  -0.390171  -0.891529   0.973169
1092  1.827410  0.953307   2.061121
1093  0.173869  -0.408583   0.444039
1094  0.924501  0.250482   0.957832
1095  -0.646207  -1.131621   1.303131
1096  0.906899  0.363673   0.977100
1097  1.081792  -0.378866   1.146217
1098  3.094501  -0.574239   3.147330
1099  -0.654562  1.340827   1.492069
1100  -0.961911  -3.257041   3.396114
1101  -1.143257  -0.947419   1.484802
1102  -0.311917  0.407870   0.513468
1103  -0.376689  -0.820684   0.903005
1104  -0.548948  -0.223351   0.592646
1105  -3.555206  -1.368986   3.809673
1106  -0.571562  -1.807836   1.896036
1107  -0.229675  -1.433041   1.451330
1108  -0.666871  0.537479   0.856505
1109  0.840053  -0.289389   0.888502
1110  -0.616633  -0.928086   1.114262
1111  0.786616  -2.553963   2.672357
1112  3.709266  -0.339288   3.724751
1113  0.575116  0.197625   0.608123
1114  -0.126175  -1.396472   1.402160
1115  -3.708966  0.106232   3.710487
1116  2.521754  0.949083   2.694439
1117  0.147967  1.046922   1.057327
1118  0.007819  -4.242714   4.242721
1119  -2.934292  0.872924   3.061383
1120  -2.509924  -2.755302   3.727117
1121  -0.025393  -0.648022   0.648519
1122  0.180643  0.387834   0.427840
1123  1.465566  -0.576526   1.574886
1124  2.871530  3.170294   4.277435
1125  0.746997  -0.405606   0.850012
1126  0.689780  0.889967   1.125983
1127  -2.229837  1.043781   2.462042
1128  -2.408116  0.375187   2.437168
1129  0.123263  1.575629   1.580443
1130  1.563514  -0.975703   1.842979
1131  -2.119418  -2.803208   3.514244
1132  -1.616458  -0.717825   1.768674
1133  0.382737  -0.361300   0.526332
1134  0.215636  -0.373557   0.431328
1135  -4.253779  2.832612   5.110609
1136  -0.467934  2.513939   2.557118
1137  -1.210099  0.915987   1.517687
1138  -0.764660  -1.718563   1.881001
1139  -4.261658  0.820092   4.339848
1140  -0.619516  1.483120   1.607310
1141  0.804124  -0.348792   0.876511
1142  -0.903998  0.399351   0.988278
1143  -1.337245  0.528437   1.437870
1144  0.569552  -0.619405   0.841458
1145  0.808999  0.074182   0.812393
1146  1.319761  3.747344   3.972953
1147  0.217955  0.911859   0.937546
1148  0.955315  0.508896   1.082406
1149  -0.563180  0.804675   0.982178
1150  -1.079001  -1.977844   2.253022
1151  2.533286  -0.353126   2.557779
1152  1.125113  -0.939229   1.465616
1153  -3.166655  1.131308   3.362672
1154  0.171106  0.262201   0.313092
1155  3.317249  0.832780   3.420185
1156  -0.727945  -0.981057   1.221629
1157  -2.525401  -1.711852   3.050916
1158  0.198793  0.658640   0.687986
1159  -0.119464  -0.788042   0.797045
1160  -2.104203  -0.963771   2.314416
1161  -0.057103  0.826497   0.828467
1162  1.536691  2.629569   3.045661
1163  0.939161  2.558199   2.725143
1164  -0.937455  0.579806   1.102269
1165  -2.193067  -1.452627   2.630527
1166  -1.756650  1.699715   2.444351
1167  -1.333664  -0.815719   1.563349
1168  -1.009900  -2.641016   2.827518
1169  -0.330171  2.002175   2.029216
1170  3.247062  -1.818298   3.721507
1171  -2.028904  -0.613593   2.119658
1172  -1.497686  1.176598   1.904586
1173  0.911788  -3.118096   3.248673
1174  -2.003170  0.124964   2.007064
1175  0.066652  -0.032150   0.074001
1176  0.251230  -1.917581   1.933968
1177  0.988003  0.478668   1.097849
1178  -1.382241  -2.131049   2.540071
1179  0.475494  0.783343   0.916363
1180  -2.330751  -0.532779   2.390869
1181  1.080286  0.178543   1.094941
1182  2.185210  -2.164648   3.075848
1183  -1.446692  1.591915   2.151072
1184  -0.596351  -2.354635   2.428979
1185  2.015551  -1.621709   2.586965
1186  -1.059939  1.906299   2.181157
1187  -3.076180  -0.000000   3.076180
1188  -1.059939  -1.906299   2.181157
1189  2.015551  1.621709   2.586965
1190  -0.596351  2.354635   2.428979
1191  -1.446692  -1.591915   2.151072
1192  2.185210  2.164648   3.075848
1193  1.080286  -0.178543   1.094941
1194  -2.330751  0.532779   2.390869
1195  0.475494  -0.783343   0.916363
1196  -1.382241  2.131049   2.540071
1197  0.988003  -0.478668   1.097849
1198  0.251230  1.917581   1.933968
1199  0.066652  0.032150   0.074001
1200  -2.003170  -0.124964   2.007064
1201  0.911788  3.118096   3.248673
1202  -1.497686  -1.176598   1.904586
1203  -2.028904  0.613593   2.119658
1204  3.247062  1.818298   3.721507
1205  -0.330171  -2.002175   2.029216
1206  -1.009900  2.641016   2.827518
1207  -1.333664  0.815719   1.563349
1208  -1.756650  -1.699715   2.444351
1209  -2.193067  1.452627   2.630527
1210  -0.937455  -0.579806   1.102269
1211  0.939161  -2.558199   2.725143
1212  1.536691  -2.629569   3.045661
1213  -0.057103  -0.826497   0.828467
1214  -2.104203  0.963771   2.314416
1215  -0.119464  0.788042   0.797045
1216  0.198793  -0.658640   0.687986
1217  -2.525401  1.711852   3.050916
1218  -0.727945  0.981057   1.221629
1219  3.317249  -0.832780   3.420185
1220  0.171106  -0.262201   0.313092
1221  -3.166655  -1.131308   3.362672
1222  1.125113  0.939229   1.465616
1223  2.533286  0.353126   2.557779
1224  -1.079001  1.977844   2.253022
1225  -0.563180  -0.804675   0.982178
1226  0.955315  -0.508896   1.082406
1227  0.217955  -0.911859   0.937546
1228  1.319761  -3.747344   3.972953
1229  0.808999  -0.074182   0.812393
1230  0.569552  0.619405   0.841458
1231  -1.337245  -0.528437   1.437870
1232  -0.903998  -0.399351   0.988278
1233  0.804124  0.348792   0.876511
1234  -0.619516  -1.483120   1.607310
1235  -4.261658  -0.820092   4.339848
1236  -0.764660  1.718563   1.881001
1237  -1.210099  -0.915987   1.517687
1238  -0.467934  -2.513939   2.557118
1239  -4.253779  -2.832612   5.110609
1240  0.215636  0.373557   0.431328
1241  0.382737  0.361300   0.526332
1242  -1.616458  0.717825   1.768674
1243  -2.119418  2.803208   3.514244
1244  1.563514  0.975703   1.842979
1245  0.123263  -1.575629   1.580443
1246  -2.408116  -0.375187   2.437168
1247  -2.229837  -1.043781   2.462042
1248  0.689780  -0.889967   1.125983
1249  0.746997  0.405606   0.850012
1250  2.871530  -3.170294   4.277435
1251  1.465566  0.576526   1.574886
1252  0.180643  -0.387834   0.427840
1253  -0.025393  0.648022   0.648519
1254  -2.509924  2.755302   3.727117
1255  -2.934292  -0.872924   3.061383
1256  0.007819  4.242714   4.242721
1257  0.147967  -1.046922   1.057327
1258  2.521754  -0.949083   2.694439
1259  -3.708966  -0.106232   3.710487
1260  -0.126175  1.396472   1.402160
1261  0.575116  -0.197625   0.608123
1262  3.709266  0.339288   3.724751
1263  0.786616  2.553963   2.672357
1264  -0.616633  0.928086   1.114262
1265  0.840053  0.289389   0.888502
1266  -0.666871  -0.537479   0.856505
1267  -0.229675  1.433041   1.451330
1268  -0.571562  1.807836   1.896036
1269  -3.555206  1.368986   3.809673
1270  -0.548948  0.223351   0.592646
1271  -0.376689  0.820684   0.903005
1272  -0.311917  -0.407870   0.513468
1273  -1.143257  0.947419   1.484802
1274  -0.961911  3.257041   3.396114
1275  -0.654562  -1.340827   1.492069
1276  3.094501  0.574239   3.147330
1277  1.081792  0.378866   1.146217
1278  0.906899  -0.363673   0.977100
1279  -0.646207  1.131621   1.303131
1280  0.924501  -0.250482   0.957832
1281  0.173869  0.408583   0.444039
1282  1.827410  -0.953307   2.061121
1283  -0.390171  0.891529   0.973169
1284  0.697074  0.984666   1.206432
1285  1.236158  -0.028103   1.236477
1286  0.397393  0.510087   0.646615
1287  -0.965539  1.250246   1.579677
1288  0.226813  1.879570   1.893206
1289  -1.934809  -0.682070   2.051513
1290  1.743737  -1.335130   2.196177
1291  -1.901942  -0.987571   2.143054
1292  -0.022128  -0.177191   0.178568
1293  -0.884779  -2.004224   2.190832
1294  0.129114  -1.761722   1.766447
1295  3.147511  1.575620   3.519858
1296  -0.688827  -1.217017   1.398432
1297  -0.632145  -0.162985   0.652818
1298  -1.071725  -2.937028   3.126456
1299  -0.748066  -1.009082   1.256125
1300  1.019497  2.322319   2.536245
1301  1.417034  2.844079   3.177542
1302  0.366149  -0.370680   0.521027
1303  0.012143  -2.400294   2.400325
1304  -1.491218  2.213312   2.668797
1305  0.737257  1.964965   2.098722
1306  0.128609  -0.340474   0.363955
1307  -1.833414  0.272738   1.853589
1308  3.802031  -0.281753   3.812456
1309  -0.619239  -2.736648   2.805833
1310  -0.188485  0.541067   0.572957
1311  -3.601075  0.538251   3.641079
1312  -1.390097  0.356076   1.434977
1313  0.613450  -1.636844   1.748021
1314  2.197433  -1.349953   2.578970
1315  1.335145  -0.690175   1.502982
1316  -0.921473  -2.125869   2.316988
1317  1.103430  2.186566   2.449210
1318  -1.516141  0.688340   1.665082
1319  -0.030680  0.254647   0.256488
1320  0.186866  0.238527   0.303008
1321  -1.203068  1.627182   2.023633
1322  -0.085606  -2.456058   2.457550
1323  -0.153488  -1.075010   1.085912
1324  1.429800  1.159417   1.840808
1325  0.254863  2.125660   2.140885
1326  -2.975031  -2.965731   4.200758
1327  -1.341338  -0.027970   1.341630
1328  0.767772  -0.646840   1.003930
1329  -2.720808  -1.839507   3.284293
1330  -0.721294  1.323543   1.507326
1331  2.693170  -0.051492   2.693662
1332  4.336196  0.293456   4.346114
1333  0.683933  -1.149773   1.337812
1334  -2.636412  -0.789089   2.751968
1335  -2.060710  2.911427   3.566922
1336  -2.175599  -1.561392   2.677906
1337  -0.823862  1.801146   1.980624
1338  -0.948213  -0.752076   1.210259
1339  0.714171  -1.704892   1.848431
1340  2.419161  0.351395   2.444549
1341  0.516780  -2.723433   2.772030
1342  -1.853925  -1.964451   2.701130
1343  -0.169271  0.717989   0.737673
1344  -0.227975  0.818801   0.849946
1345  -0.052999  -1.641497   1.642352
1346  0.322542  -0.645694   0.721771
1347  -0.632173  0.431651   0.765484
1348  -0.170276  0.292852   0.338757
1349  2.450111  0.900383   2.610313
1350  1.405594  -0.420985   1.467284
1351  -0.941637  -3.109787   3.249224
1352  0.500456  1.331668   1.422602
1353  0.066918  1.029154   1.031327
1354  0.081439  0.647285   0.652388
1355  1.237239  2.367778   2.671541
1356  0.905784  -0.017438   0.905952
1357  -0.285105  0.941704   0.983917
1358  0.179991  -0.215362   0.280673
1359  2.134512  0.329694   2.159824
1360  -1.635944  -0.298081   1.662879
1361  0.403531  0.977352   1.057381
1362  1.132326  0.241449   1.157782
1363  -0.444101  2.847374   2.881798
1364  -0.279801  -0.166734   0.325713
1365  -0.167039  0.150633   0.224927
1366  -0.388870  -0.629047   0.739540
1367  0.518611  1.420551   1.512258
1368  1.326888  0.072285   1.328855
1369  0.224435  0.661220   0.698271
1370  2.027066  1.098582   2.305618
1371  0.491399  -3.497930   3.532278
1372  1.579248  0.868471   1.802295
1373  -1.888857  0.985278   2.130389
1374  -0.179181  -0.891739   0.909563
1375  0.396159  3.072651   3.098085
1376  -0.635766  -2.829408   2.899957
1377  -4.471713  -1.316448   4.661465
1378  2.031812  0.630579   2.127413
1379  -1.140702  -1.872430   2.192532
1380  0.392050  0.633025   0.744596
1381  -2.312301  3.074453   3.846946
1382  3.524010  -0.056571   3.524464
1383  -2.346836  0.309441   2.367149
1384  -0.223787  -1.066042   1.089278
1385  -1.368683  0.289696   1.399006
1386  0.492976  2.491592   2.539893
1387  -1.326950  0.301605   1.360795
1388  -2.287934  -0.799042   2.423450
1389  2.190756  -1.465602   2.635793
1390  -0.447603  -2.327808   2.370452
1391  -1.515243  -1.648283   2.238928
1392  -1.073587  2.389913   2.619975
1393  2.511369  1.502095   2.926305
1394  0.893755  -0.491224   1.019852
1395  -1.442524  0.776233   1.638113
1396  1.312390  0.580750   1.435144
1397  0.896729  0.186171   0.915851
1398  1.151061  -1.284566   1.724833
1399  -0.480471  -2.628780   2.672328
1400  -0.088806  2.853865   2.855246
1401  0.472592  -1.588450   1.657262
1402  0.309962  0.733646   0.796438
1403  0.517927  -0.515518   0.730758
1404  2.655854  -3.036386   4.034006
1405  -1.103380  1.407774   1.788652
1406  0.931243  -0.520362   1.066766
1407  -3.436575  3.309982   4.771376
1408  -0.501557  -0.391330   0.636159
1409  -2.788065  -2.878066   4.007065
1410  -4.102241  -0.209263   4.107575
1411  -1.005628  2.920678   3.088956
1412  -1.224840  2.476614   2.762942
1413  0.171713  2.489596   2.495510
1414  0.236170  -1.017276   1.044330
1415  0.483191  -0.109895   0.495531
1416  0.367111  -0.463020   0.590896
1417  -1.469321  1.786268   2.312932
1418  1.095184  2.268549   2.519076
1419  -0.985676  -0.319837   1.036269
1420  -1.092180  -1.094457   1.546187
1421  -1.380990  1.582991   2.100713
1422  0.402932  3.655860   3.677998
1423  1.348192  -3.196544   3.469224
1424  -0.814966  -0.242712   0.850341
1425  0.468399  -0.737844   0.873963
1426  0.404651  -1.226767   1.291781
1427  2.721901  -0.548253   2.776567
1428  2.591873  -0.599625   2.660330
1429  0.682825  0.219633   0.717279
1430  1.774037  3.441118   3.871499
1431  -0.100349  2.364308   2.366436
1432  1.152399  -0.705395   1.351150
1433  0.697677  -2.061389   2.176254
1434  2.575332  -3.106723   4.035352
1435  -1.293055  -1.586243   2.046499
1436  -1.638832  -2.169533   2.718942
1437  1.768396  0.321852   1.797446
1438  -1.602119  -0.633582   1.722850
1439  0.215330  0.586974   0.625225
1440  3.737644  0.470751   3.767173
1441  -1.884485  1.757012   2.576504
1442  -0.357448  -0.432539   0.561123
1443  0.905147  0.528252   1.048018
1444  2.568731  -5.273358   5.865721
1445  -2.209253  2.646919   3.447750
1446  -0.407575  0.192892   0.450915
1447  -1.909184  -1.574572   2.474725
1448  -0.874562  2.262264   2.425428
1449  -1.541286  0.388064   1.589388
1450  -0.837118  4.656685   4.731330
1451  -0.675621  1.076885   1.271277
1452  0.318525  -0.728287   0.794896
1453  -3.911226  -0.105256   3.912642
1454  -1.635225  -0.659632   1.763257
1455  -1.260782  -1.345796   1.844110
1456  1.237688  3.817578   4.013200
1457  -0.455263  0.418520   0.618403
1458  3.410070  3.449970   4.850863
1459  0.540345  -1.526107   1.618943
1460  -1.648460  0.511019   1.725851
1461  2.676835  -2.080034   3.389983
1462  1.761959  -1.316962   2.199748
1463  -1.005004  0.136185   1.014189
1464  -0.789182  -1.898988   2.056444
1465  -0.091047  -1.465259   1.468085
1466  -1.930671  -0.212377   1.942316
1467  1.868524  -0.804457   2.034338
1468  -0.782743  -0.681487   1.037840
1469  -0.956901  1.997204   2.214607
1470  -2.381039  0.002068   2.381040
1471  2.396186  -3.656582   4.371761
1472  -0.493200  1.615620   1.689223
1473  0.194686  -0.405658   0.449957
1474  -2.004497  -1.253744   2.364293
1475  2.098380  -0.353517   2.127951
1476  -1.750130  -1.724212   2.456800
1477  -0.433644  2.250469   2.291868
1478  1.656018  1.597365   2.300863
1479  1.801614  0.878325   2.004313
1480  -4.074314  -3.687547   5.495274
1481  -1.560156  1.862293   2.429449
1482  1.205058  0.443011   1.283909
1483  2.112008  0.614164   2.199494
1484  -0.755879  0.956731   1.219297
1485  -0.443219  0.770835   0.889174
1486  1.658409  5.317565   5.570172
1487  1.926234  2.152638   2.888638
1488  -1.211791  -0.199113   1.228040
1489  2.472849  0.451946   2.513810
1490  1.597701  1.497180   2.189566
1491  0.593942  -1.626873   1.731901
1492  1.107614  0.651261   1.284892
1493  2.424612  0.110814   2.427143
1494  3.103965  -0.060813   3.104561
1495  -1.062055  -1.507787   1.844284
1496  2.184498  1.055754   2.426241
1497  -0.325282  -1.497470   1.532392
1498  -1.962167  1.018768   2.210879
1499  3.218234  -2.911390   4.339726
1500  -0.568648  -2.242230   2.313213
1501  1.330296  0.005079   1.330306
1502  -0.929726  0.828629   1.245398
1503  -2.387846  0.972553   2.578308
1504  1.409474  1.186893   1.842643
1505  0.886943  -1.050986   1.375223
1506  -0.840044  1.649722   1.851285
1507  -0.605699  2.769388   2.834851
1508  -0.928786  -2.096364   2.292899
1509  0.164081  -4.638820   4.641721
1510  -1.718729  1.688213   2.409168
1511  3.659825  -0.002451   3.659826
1512  -1.619547  1.260915   2.052521
1513  1.589782  3.194047   3.567821
1514  1.397037  2.389415   2.767855
1515  2.608375  -0.529295   2.661536
1516  2.414336  -1.190345   2.691829
1517  -5.375089  1.217720   5.511300
1518  1.007308  3.793739   3.925192
1519  -2.338613  2.348538   3.314323
1520  -1.007920  0.132214   1.016555
1521  2.946466  -1.155469   3.164929
1522  1.193869  0.946603   1.523608
1523  2.236889  0.259176   2.251853
1524  0.834671  0.824497   1.173231
1525  -0.093045  1.757939   1.760400
1526  2.819649  -1.794682   3.342350
1527  -0.584765  -0.234110   0.629887
1528  1.108439  -2.407247   2.650185
1529  -4.902142  1.996062   5.292945
1530  3.657778  -2.041640   4.188990
1531  0.399398  3.108213   3.133769
1532  0.774627  -0.466119   0.904054
1533  0.311816  -0.147065   0.344757
1534  0.956530  0.387524   1.032049
1535  -0.900074  -0.794473   1.200550
1536  1.306111  -0.980190   1.633003
1537  -2.617781  -0.101471   2.619747
1538  -2.224618  -2.398587   3.271413
1539  3.936815  3.238190   5.097488
1540  1.453300  -0.559903   1.557425
1541  -0.273441  -2.821999   2.835216
1542  -4.474606  0.225927   4.480306
1543  -0.848715  3.397583   3.501983
1544  2.559233  -1.634420   3.036611
1545  -3.110712  -3.574984   4.738886
1546  -0.157351  3.425796   3.429408
1547  0.137441  -3.369486   3.372288
1548  -1.337731  -0.383833   1.391708
1549  2.664622  1.670241   3.144824
1550  -4.135827  -2.179834   4.675120
1551  0.180296  2.048970   2.056887
1552  -3.636737  -2.033621   4.166710
1553  0.849980  -1.577766   1.792153
1554  4.386190  -5.425350   6.976609
1555  -0.464811  3.076806   3.111717
1556  -2.386699  -0.303544   2.405924
1557  -0.830895  0.393038   0.919166
1558  0.740754  -0.301089   0.799607
1559  -4.142655  1.315924   4.346637
1560  -1.486409  3.357974   3.672247
1561  3.358946  -0.298038   3.372142
1562  -5.173308  -0.937841   5.257629
1563  4.132470  3.089087   5.159434
1564  3.280938  -5.984676   6.825020
1565  1.136476  -3.190709   3.387064
1566  -3.155768  2.853453   4.254534
1567  -0.263473  0.086692   0.277369
1568  3.817390  -0.379875   3.836245
1569  0.175173  -0.237556   0.295158
1570  -1.562239  -0.093444   1.565031
1571  1.764218  -2.002880   2.669081
1572  2.297780  1.096001   2.545783
1573  2.031852  -0.125225   2.035707
1574  -2.116330  -1.226892   2.446246
1575  1.137219  -3.144953   3.344249
1576  1.539632  -0.058979   1.540761
1577  -1.302161  -1.073176   1.687404
1578  1.568391  -0.066396   1.569795
1579  -0.312564  -3.624376   3.637829
1580  -2.194837  -3.731813   4.329403
1581  -0.664858  -0.793112   1.034921
1582  1.954510  -0.218181   1.966650
1583  0.136345  3.184652   3.187569
1584  2.025892  -1.535433   2.542005
1585  -0.112226  -2.310536   2.313260
1586  -2.111002  1.987848   2.899633
1587  1.322316  -0.917207   1.609282
1588  -2.410506  0.077986   2.411768
1589  -2.995200  1.419435   3.314517
1590  -0.720000  0.408095   0.827612
1591  -0.793053  1.126327   1.377514
1592  1.676170  -2.987101   3.425247
1593  -0.784406  0.506206   0.933562
1594  -1.690694  3.657447   4.029313
1595  -2.158405  -0.232197   2.170859
1596  4.172609  3.584605   5.500914
1597  1.165791  0.352540   1.217930
1598  0.744567  -0.643990   0.984430
1599  0.691911  -0.588436   0.908294
1600  3.370256  1.229301   3.587451
1601  2.129543  -0.542226   2.197490
1602  -2.763765  0.588375   2.825701
1603  -1.214260  -0.362192   1.267126
1604  -0.056160  -2.393084   2.393743
1605  -0.741799  -4.559504   4.619452
1606  1.839733  3.944613   4.352538
1607  0.981657  1.676350   1.942626
1608  1.562057  4.578643   4.837768
1609  -1.281088  -2.841599   3.117029
1610  1.782811  4.469774   4.812203
1611  1.891759  -2.789918   3.370815
1612  -1.125897  -4.988596   5.114073
1613  1.376824  0.261156   1.401373
1614  -1.816711  -0.690838   1.943630
1615  -4.307777  4.447566   6.191751
1616  0.462962  0.991179   1.093970
1617  2.552585  -1.695094   3.064153
1618  -0.787283  -2.036285   2.183179
1619  -3.363825  -2.883986   4.430879
1620  1.394582  -0.013697   1.394649
1621  1.489871  2.727695   3.108060
1622  -2.923338  -2.412292   3.790126
1623  1.199415  -0.052921   1.200581
1624  -0.770127  0.253827   0.810879
1625  2.492095  3.448341   4.254597
1626  -0.931581  -1.966488   2.175987
1627  -1.565155  -1.520149   2.181872
1628  0.003843  3.404389   3.404391
1629  -0.841562  0.534381   0.996889
1630  -0.624330  -0.566819   0.843251
1631  -1.060647  -1.380707   1.741070
1632  1.976863  -0.149434   1.982502
1633  -1.458564  3.596126   3.880661
1634  4.029210  1.370858   4.256029
1635  2.345628  -1.032112   2.562660
1636  -2.212092  0.398267   2.247658
1637  1.553063  -3.616802   3.936147
1638  3.377503  -0.976725   3.515895
1639  -3.895859  0.609420   3.943236
1640  0.048198  0.130144   0.138782
1641  0.682671  1.852989   1.974742
1642  -0.068302  -0.064978   0.094272
1643  1.526449  4.164697   4.435623
1644  3.941523  -2.587678   4.715048
1645  -3.575146  -1.180463   3.764992
1646  -0.739952  -1.338995   1.529849
1647  -0.804690  -1.390942   1.606937
1648  1.029656  1.522169   1.837714
1649  1.473005  -1.182308   1.888808
1650  -0.038017  -3.340880   3.341096
1651  -3.448864  1.168668   3.641490
1652  -5.003881  -1.229127   5.152628
1653  0.251957  2.806800   2.818086
1654  1.167384  -0.216606   1.187310
1655  0.165462  -2.472812   2.478341
1656  0.416034  2.784170   2.815082
1657  0.027478  -1.900207   1.900406
1658  -2.801702  -0.625415   2.870658
1659  1.345844  1.235043   1.826643
1660  -1.082167  2.328415   2.567607
1661  3.263711  -3.131800   4.523271
1662  -2.417099  -3.712977   4.430413
1663  -3.572553  0.067511   3.573191
1664  1.022585  0.636242   1.204360
1665  7.177040  0.252864   7.181493
1666  1.747914  -0.982851   2.005293
1667  -0.717133  -0.907053   1.156298
1668  0.013863  -0.374978   0.375235
1669  0.897144  0.278937   0.939507
1670  0.532846  -0.551133   0.766598
1671  0.752958  -0.630293   0.981945
1672  -0.466966  -2.663110   2.703740
1673  0.419434  2.716069   2.748264
1674  -0.090103  -3.305057   3.306285
1675  -0.215387  0.745248   0.775748
1676  -1.480642  -2.705862   3.084475
1677  3.253619  0.088075   3.254810
1678  -0.036946  1.945533   1.945884
1679  -0.368568  -1.432527   1.479181
1680  -2.966110  -1.450988   3.301996
1681  -1.383449  -1.025885   1.722315
1682  2.033777  -0.153745   2.039580
1683  -0.744092  -0.689357   1.014340
1684  -2.588674  1.672930   3.082195
1685  1.526809  -1.867700   2.412354
1686  -4.373531  0.873994   4.460004
1687  1.878915  -3.867998   4.300201
1688  -4.700541  1.480208   4.928093
1689  4.335079  -0.958921   4.439869
1690  -2.499102  -0.338904   2.521976
1691  2.195657  -4.440908   4.954046
1692  1.258034  -2.647637   2.931319
1693  -0.702348  -0.361377   0.789865
1694  -0.329959  -1.574028   1.608240
1695  -4.190467  -4.626121   6.241875
1696  -2.221056  4.426525   4.952496
1697  2.418646  -0.225001   2.429089
1698  -0.722029  1.071789   1.292307
1699  3.442613  -3.754915   5.094209
1700  0.438566  -0.689376   0.817055
1701  -0.676810  2.524446   2.613599
1702  0.250254  -2.302281   2.315842
1703  -1.400653  1.178680   1.830605
1704  3.147971  -2.137593   3.805131
1705  -3.795081  -2.243233   4.408485
1706  2.266550  1.227239   2.577473
1707  1.329787  0.988574   1.656989
1708  3.142550  3.742995   4.887293
1709  -0.955824  -4.499740   4.600137
1710  1.157650  0.164765   1.169316
1711  -4.007045  0.242891   4.014400
1712  -0.929045  -0.404856   1.013427
1713  -0.241425  -0.117818   0.268639
1714  0.041539  -1.394854   1.395472
1715  -1.740575  -1.941169   2.607247
1716  1.234225  1.867812   2.238757
1717  -1.069925  1.593669   1.919510
1718  5.315338  -0.577552   5.346624
1719  -0.765402  -4.957830   5.016565
1720  0.954753  1.622543   1.882604
1721  0.142210  0.033707   0.146150
1722  -3.832682  6.014745   7.132083
1723  -2.990409  2.178417   3.699736
1724  3.317699  3.331870   4.701966
1725  0.617030  0.337546   0.703323
1726  0.177929  1.604474   1.614310
1727  -0.270051  1.259599   1.288223
1728  1.216123  5.187010   5.327667
1729  -0.319393  -3.198445   3.214353
1730  -2.239151  -2.424990   3.300662
1731  -4.139370  0.091440   4.140380
1732  -2.128186  0.962615   2.335766
1733  -4.641051  3.113223   5.588516
1734  3.564531  0.007773   3.564539
1735  0.306803  0.092308   0.320388
1736  0.342532  -2.111040   2.138649
1737  1.585681  0.201487   1.598431
1738  2.798657  0.695833   2.883863
1739  2.986387  -0.376008   3.009965
1740  -1.966664  -2.058244   2.846776
1741  2.339922  3.539342   4.242897
1742  5.218670  -4.067667   6.616678
1743  -4.319819  0.090922   4.320776
1744  2.261416  -3.761022   4.388541
1745  -4.699957  2.256273   5.213479
1746  -0.319421  1.871069   1.898139
1747  4.696306  -5.479573   7.216718
1748  -0.464489  1.064107   1.161066
1749  -1.485193  3.251802   3.574915
1750  -0.254986  2.776274   2.787959
1751  -0.155610  0.255277   0.298966
1752  1.568437  0.536276   1.657584
1753  -4.368324  4.173511   6.041560
1754  7.847651  1.305473   7.955494
1755  -1.165019  3.024897   3.241492
1756  -2.372855  -1.749499   2.948082
1757  0.153855  0.154883   0.218312
1758  2.016093  0.158362   2.022303
1759  -2.448861  -2.559583   3.542371
1760  -2.485317  4.906373   5.499936
1761  4.341407  -1.303707   4.532931
1762  -1.914520  -4.249666   4.661014
1763  -2.230509  -0.294708   2.249894
1764  -0.022999  -2.313014   2.313129
1765  1.880586  -0.657467   1.992201
1766  0.641013  3.695009   3.750199
1767  1.713746  0.461682   1.774845
1768  -4.381225  -3.431791   5.565278
1769  1.470145  1.892167   2.396169
1770  -4.700218  2.680737   5.410953
1771  1.926784  0.807102   2.088997
1772  5.127833  -0.288085   5.135919
1773  0.185688  0.694951   0.719331
1774  -0.395269  -2.205478   2.240618
1775  6.164980  -0.364896   6.175770
1776  -1.175745  -3.882908   4.057013
1777  2.711824  1.084295   2.920562
1778  -3.204647  -3.632340   4.843930
1779  3.190008  -1.331744   3.456832
1780  -6.226115  -2.678856   6.777963
1781  -0.449519  -0.613789   0.760792
1782  4.784665  -0.132004   4.786486
1783  -0.876544  -8.148580   8.195589
1784  -0.638901  1.888134   1.993300
1785  -1.336649  -3.839774   4.065771
1786  1.065449  -3.263377   3.432901
1787  0.599419  3.264461   3.319038
1788  -3.741539  3.577855   5.176887
1789  -2.717104  -0.056354   2.717689
1790  3.708719  1.258906   3.916560
1791  -1.136404  -2.299431   2.564916
1792  2.998002  -0.057077   2.998545
1793  1.404515  2.243575   2.646940
1794  2.367060  1.518111   2.812051
1795  -4.602662  -3.901419   6.033703
1796  -1.137328  1.459187   1.850066
1797  -1.760575  4.191149   4.545916
1798  -2.020009  6.021554   6.351342
1799  6.627613  0.073248   6.628018
1800  -7.478523  -2.420058   7.860342
1801  -1.277709  0.222980   1.297019
1802  4.973088  1.328600   5.147503
1803  3.962789  -2.672906   4.779971
1804  -1.878475  4.749586   5.107567
1805  -0.802072  2.060619   2.211215
1806  4.779473  2.152443   5.241791
1807  1.025840  -1.845416   2.111376
1808  -4.092132  2.080171   4.590496
1809  2.433845  5.257709   5.793713
1810  4.039288  2.167107   4.583907
1811  10.293944  -3.698792   10.938297
1812  -9.581105  -5.007242   10.810645
1813  -6.014730  -1.206610   6.134564
1814  2.916848  2.735847   3.999107
1815  -1.449757  -0.792655   1.652300
1816  3.304822  0.082774   3.305858
1817  2.113268  5.662351   6.043850
1818  -4.587870  -2.512889   5.230981
1819  2.348359  -1.140104   2.610485
1820  3.359616  -3.045855   4.534782
1821  -3.161302  -1.826029   3.650782
1822  -1.409856  -0.486016   1.491277
1823  -8.218797  -3.998069   9.139649
1824  0.370537  1.299110   1.350920
1825  -0.325448  0.246749   0.408413
1826  -0.125753  -0.262646   0.291198
1827  -3.977587  7.852595   8.802525
1828  2.803760  -2.297150   3.624634
1829  -0.152272  -0.151504   0.214802
1830  1.915513  1.061059   2.189757
1831  -1.317204  -0.460819   1.395486
1832  0.992334  2.271161   2.478487
1833  -6.624971  -0.937294   6.690946
1834  -1.424484  0.759148   1.614144
1835  5.259962  -1.128624   5.379683
1836  2.288125  1.882593   2.963051
1837  0.579527  0.878511   1.052442
1838  -0.060907  2.986878   2.987499
1839  0.349860  3.323187   3.341553
1840  -2.723871  -3.589269   4.505810
1841  3.348266  2.900611   4.429947
1842  1.729386  0.356070   1.765662
1843  -1.509011  -1.824979   2.368050
1844  6.515168  -2.854856   7.113200
1845  -0.330372  -0.861858   0.923008
1846  3.660082  -1.498618   3.955004
1847  2.121264  -2.999678   3.673939
1848  -1.151611  -0.094802   1.155506
1849  5.562769  3.439328   6.540136
1850  0.061637  -6.748542   6.748824
1851  -5.653849  4.618330   7.300341
1852  2.366474  -2.313455   3.309422
1853  1.402688  -1.037742   1.744833
1854  0.137578  2.552197   2.555903
1855  2.498241  1.384593   2.856275
1856  4.425827  -2.014691   4.862810
1857  -10.886588  -5.898456   12.381825
1858  -0.043143  -2.590283   2.590643
1859  3.140279  6.792806   7.483553
1860  -4.723496  -8.588079   9.801353
1861  -4.846001  5.820846   7.574032
1862  -5.803419  1.545553   6.005697
1863  2.848507  2.011740   3.487276
1864  0.098804  -1.850800   1.853436
1865  -0.832110  1.000554   1.301352
1866  -5.854315  5.620780   8.115797
1867  3.354624  3.540539   4.877389
1868  0.950790  -7.151770   7.214695
1869  -0.602177  2.061397   2.147551
1870  -1.655098  4.050953   4.376023
1871  -1.970854  0.204511   1.981436
1872  -2.460689  4.367212   5.012737
1873  4.179804  -3.392619   5.383366
1874  2.730910  2.115596   3.454507
1875  3.434252  -2.703395   4.370633
1876  2.425121  -3.097740   3.934108
1877  -3.502037  2.814439   4.492809
1878  1.845716  -0.291478   1.868590
1879  8.413512  -7.432046   11.225974
1880  -2.367760  0.486190   2.417161
1881  -3.335342  2.072363   3.926728
1882  2.639039  1.823058   3.207502
1883  3.506655  -0.803565   3.597547
1884  -1.095797  5.090732   5.207333
1885  2.016660  -10.450589   10.643389
1886  -1.489146  5.047933   5.263002
1887  1.566693  -1.831577   2.410229
1888  -4.093129  -4.080846   5.779879
1889  -0.188570  1.532700   1.544256
1890  -7.516633  0.747212   7.553681
1891  7.504807  -0.635505   7.531667
1892  2.231390  -0.798208   2.369860
1893  0.643913  -0.673202   0.931571
1894  -4.731085  3.744045   6.033327
1895  -1.008048  0.993860   1.415598
1896  -0.357992  2.247663   2.275994
1897  0.367040  -2.675143   2.700205
1898  -6.376975  3.269065   7.166073
1899  1.212329  5.413191   5.547286
1900  -0.245717  -4.922953   4.929081
1901  -3.876864  3.616083   5.301521
1902  2.607946  3.516101   4.377710
1903  3.969185  -1.740781   4.334137
1904  0.420056  4.861676   4.879789
1905  -5.654830  -1.432607   5.833478
1906  7.181339  4.112871   8.275707
1907  -1.937173  -3.627163   4.112050
1908  6.015322  6.202622   8.640406
1909  -0.720541  3.793292   3.861119
1910  3.693154  1.812680   4.114024
1911  3.212822  -2.791622   4.256216
1912  5.986129  -3.286089   6.828771
1913  -3.374383  0.426922   3.401283
1914  -4.141167  1.061569   4.275067
1915  -4.801690  1.758178   5.113454
1916  6.325933  3.255559   7.114498
1917  3.041210  -4.956065   5.814769
1918  4.428302  -2.374955   5.024965
1919  0.214730  2.503921   2.513112
1920  1.928331  -6.215447   6.507707
1921  -0.508865  -0.336241   0.609920
1922  -2.969405  5.841723   6.553099
1923  2.305544  -6.608841   6.999451
1924  -1.310567  -9.412316   9.503119
1925  -8.051318  8.736009   11.880302
1926  -4.370199  5.503733   7.027782
1927  0.206316  -1.974243   1.984994
1928  4.518408  -2.199175   5.025175
1929  -1.918762  -2.212904   2.928923
1930  -1.377134  -5.929420   6.087242
1931  3.778858  12.087677   12.664585
1932  -1.494769  -1.614313   2.200078
1933  -8.461282  -4.847615   9.751547
1934  -0.324134  3.913124   3.926526
1935  0.953745  3.889113   4.004352
1936  0.210790  3.565483   3.571708
1937  4.028967  0.697777   4.088944
1938  0.031034  -4.796950   4.797051
1939  -3.719183  7.570463   8.434704
1940  12.699472  -3.489063   13.170047
1941  -0.832718  2.066435   2.227908
1942  -0.211025  -0.506987   0.549151
1943  -3.984031  0.335021   3.998093
1944  -1.727941  -2.091743   2.713147
1945  5.230413  2.013097   5.604443
1946  6.437209  1.310628   6.569277
1947  -1.955767  -5.928723   6.242978
1948  2.360381  1.525712   2.810551
1949  -0.783779  1.738612   1.907113
1950  -2.259196  -6.666382   7.038793
1951  4.293924  3.532668   5.560354
1952  -4.627579  -2.383602   5.205386
1953  -2.439995  1.193685   2.716332
1954  4.784127  -3.175972   5.742357
1955  -2.246999  -0.719884   2.359499
1956  -0.730790  0.118886   0.740397
1957  0.093392  -7.178293   7.178901
1958  -6.834228  -0.295151   6.840599
1959  -0.127855  10.578783   10.579555
1960  -0.675514  -1.067114   1.262954
1961  4.462643  -0.531225   4.494149
1962  -9.109260  -4.911917   10.349181
1963  0.972366  3.928836   4.047376
1964  1.709549  3.407666   3.812446
1965  -2.487947  2.094817   3.252405
1966  -1.034546  4.384373   4.504776
1967  2.392290  2.535446   3.485905
1968  1.722367  -4.249877   4.585630
1969  3.378559  8.665639   9.300966
1970  3.148769  5.411501   6.260917
1971  -6.143818  0.901366   6.209586
1972  -5.863654  -4.735554   7.537103
1973  -2.848623  4.983162   5.739909
1974  5.915047  5.036678   7.768906
1975  7.493266  2.746399   7.980711
1976  1.295529  -2.312041   2.650270
1977  0.034907  -2.833669   2.833884
1978  -0.631710  -2.898196   2.966243
1979  -2.410177  7.053972   7.454360
1980  11.747975  3.727273   12.325075
1981  2.298827  -4.251361   4.833081
1982  -2.896920  -4.681664   5.505463
1983  1.227959  -0.193959   1.243183
1984  1.450031  2.173781   2.613028
1985  6.444952  -6.489744   9.146266
1986  -4.558960  -0.480190   4.584180
1987  6.027915  2.983572   6.725880
1988  -2.169075  -7.648961   7.950566
1989  -6.341188  -10.778439   12.505415
1990  -4.583622  7.841988   9.083301
1991  1.208217  6.679296   6.787693
1992  0.163321  -3.056480   3.060841
1993  6.167133  6.173639   8.726245
1994  0.039678  7.649666   7.649769
1995  -3.356967  -9.091754   9.691709
1996  6.860911  -1.239050   6.971897
1997  -1.818513  -9.015723   9.197296
1998  -6.715206  3.337218   7.498735
1999  3.242651  10.372672   10.867709
2000  1.519994  -5.250248   5.465847
2001  -3.112085  0.956168   3.255662
2002  4.417763  -3.710206   5.769078
2003  -4.227234  5.277687   6.761915
2004  3.473546  4.952079   6.048852
2005  -2.949877  -3.715080   4.743795
2006  -3.884660  -5.808270   6.987602
2007  0.739791  -1.019849   1.259914
2008  -3.053083  1.355430   3.340436
2009  -2.221084  5.022790   5.491961
2010  1.098970  -0.169089   1.111902
2011  -2.153149  2.843194   3.566483
2012  5.581005  3.844591   6.777057
2013  8.327483  -1.372811   8.439880
2014  2.138714  -9.048180   9.297509
2015  -10.140272  0.185445   10.141968
2016  0.098377  7.513775   7.514419
2017  14.649529  -0.781464   14.670357
2018  1.006871  1.471651   1.783128
2019  2.356825  -9.469313   9.758202
2020  12.669068  -4.587319   13.474004
2021  -15.931141  -5.883570   16.982863
2022  -3.405886  0.170806   3.410166
2023  -0.486772  -4.637619   4.663095
2024  2.934289  2.409312   3.796687
2025  -5.900154  -7.917346   9.874016
2026  0.634035  4.406183   4.451567
2027  2.188869  -1.396616   2.596475
2028  -3.146269  1.104925   3.334646
2029  -8.106470  -5.763851   9.946700
2030  10.263511  9.307715   13.855440
2031  0.289064  -2.361043   2.378672
2032  -0.683680  -4.999560   5.046089
2033  -11.669154  12.982766   17.456270
2034  -3.827245  2.049156   4.341295
2035  -2.395412  1.703074   2.939126
2036  -6.960416  14.632884   16.203971
2037  4.755284  8.406979   9.658676
2038  7.892733  -2.945768   8.424535
2039  0.666408  3.252258   3.319832
2040  3.108354  -6.221377   6.954667
2041  7.104952  6.679205   9.751519
2042  -11.493606  2.251345   11.712025
2043  -5.538083  11.575735   12.832303
2044  9.553988  -2.380456   9.846078
2045  -0.952125  -5.341249   5.425448
2046  2.700158  0.953967   2.863722
2047  4.926993  5.982629   7.750298
2048  -3.221372  -2.668987   4.183387
2049  6.947825  2.878104   7.520356
2050  5.290275  -4.782622   7.131654
2051  -8.761646  -3.088346   9.290012
2052  9.908126  4.364993   10.827009
2053  -12.879254  -3.752165   13.414691
2054  -5.465609  -1.904650   5.787968
2055  9.800440  0.667181   9.823124
2056  1.569282  5.915709   6.120315
2057  6.068703  -2.072305   6.412769
2058  -0.820985  -13.967136   13.991244
2059  -14.877698  -8.685426   17.227377
2060  -4.988804  10.992941   12.071989
2061  -6.057288  -7.523031   9.658506
2062  -2.608150  -5.888110   6.439898
2063  -4.883748  5.481687   7.341654
2064  -6.536035  -4.152893   7.743789
2065  -0.622624  4.715540   4.756467
2066  1.818900  10.332858   10.491728
2067  2.330162  -3.817645   4.472590
2068  -3.101577  -1.373675   3.392162
2069  1.537256  9.512801   9.636210
2070  -4.938403  0.389795   4.953763
2071  0.211603  3.503863   3.510247
2072  -3.741803  4.733025   6.033459
2073  7.481452  -1.218018   7.579953
2074  -3.598899  3.149402   4.782343
2075  5.180080  10.821596   11.997506
2076  3.830975  5.157285   6.424481
2077  11.776325  1.837342   11.918794
2078  -2.985651  -0.333072   3.004172
2079  4.009027  -8.074241   9.014747
2080  1.089135  10.683474   10.738847
2081  -3.028876  4.186545   5.167325
2082  3.806263  -6.403376   7.449218
2083  6.060857  -1.645253   6.280195
2084  5.419796  0.446532   5.438160
2085  0.069866  -7.807498   7.807811
2086  2.982306  5.515446   6.270111
2087  3.648926  0.399784   3.670761
2088  -1.756979  -13.142124   13.259049
2089  -0.410863  -2.331676   2.367599
2090  4.342865  -6.897241   8.150608
2091  -14.454682  2.390481   14.651015
2092  9.655269  7.731241   12.369167
2093  -10.088591  -1.907016   10.267248
2094  3.761765  -0.137332   3.764271
2095  1.583212  -2.481419   2.943468
2096  -2.500593  -2.146775   3.295695
2097  -4.182086  1.051607   4.312276
2098  -0.401729  3.246419   3.271180
2099  -4.167320  5.239703   6.694852
2100  3.028148  1.296092   3.293863
2101  -3.022669  -3.114352   4.340013
2102  -1.545841  4.153012   4.431381
2103  -3.551657  1.330693   3.792758
2104  0.293598  5.278552   5.286711
2105  7.149618  1.771788   7.365885
2106  -6.731513  -4.826456   8.282991
2107  -3.893642  3.265820   5.081931
2108  -9.694046  18.191094   20.612871
2109  6.700520  -3.658343   7.634163
2110  3.040050  5.479715   6.266513
2111  -1.056526  -0.377924   1.122085
2112  3.373393  -1.965055   3.904001
2113  14.072301  1.953843   14.207292
2114  0.396047  -5.437232   5.451637
2115  -6.382189  -1.719378   6.609735
2116  9.509371  4.090966   10.352011
2117  7.024074  -6.987940   9.908023
2118  -10.800510  -5.347443   12.051811
2119  2.699866  16.127818   16.352241
2120  15.395631  -10.300237   18.523508
2121  -5.116193  -4.849064   7.049032
2122  9.537921  0.912272   9.581450
2123  1.209897  1.919231   2.268765
2124  -0.041296  -2.513374   2.513713
2125  3.813272  7.620240   8.521097
2126  -5.261179  -9.815954   11.137009
2127  0.659437  1.183207   1.354561
2128  -4.593228  -0.387414   4.609537
2129  -9.922024  13.700582   16.916043
2130  17.562785  1.272385   17.608815
2131  2.741532  -10.751173   11.095211
2132  -11.141086  -0.293585   11.144954
2133  -3.887182  2.257235   4.495030
2134  9.838331  3.814017   10.551752
2135  -10.554717  -6.241096   12.261865
2136  -11.136347  9.382678   14.562036
2137  8.589953  1.286884   8.685814
2138  -7.436428  -2.577439   7.870429
2139  -1.364325  -6.187201   6.335838
2140  4.633841  7.818437   9.088478
2141  -2.806662  -3.688183   4.634657
2142  0.581039  8.807419   8.826564
2143  0.319585  1.645031   1.675787
2144  3.586461  -1.375045   3.841022
2145  2.862900  -1.458262   3.212899
2146  -5.646897  1.829139   5.935756
2147  -0.026169  4.402662   4.402739
2148  5.100416  -0.083108   5.101093
2149  -1.072558  0.255997   1.102685
2150  -1.764593  4.304865   4.652488
2151  17.866652  -2.359799   18.021818
2152  3.075658  -0.158175   3.079723
2153  -12.113346  3.212285   12.532036
2154  2.058882  -5.724255   6.083263
2155  10.934269  5.202288   12.108759
2156  8.519703  -3.249959   9.118529
2157  12.283616  9.239886   15.370840
2158  2.024215  -9.862265   10.067856
2159  -0.375740  -5.463384   5.476290
2160  -15.483677  -9.037732   17.928325
2161  2.603566  0.239250   2.614536
2162  4.119816  1.567962   4.408105
2163  -6.332433  0.017971   6.332458
2164  -0.204729  0.020920   0.205795
2165  -0.651655  -5.777879   5.814511
2166  -8.157742  -1.765953   8.346697
2167  7.726885  13.811882   15.826334
2168  1.144213  -3.937797   4.100667
2169  2.765163  -9.838468   10.219667
2170  2.735038  0.797183   2.848848
2171  -23.500586  -2.445555   23.627490
2172  1.281350  7.963889   8.066312
2173  4.977256  1.668096   5.249345
2174  -1.425250  8.992556   9.104801
2175  8.738403  -3.026301   9.247604
2176  -1.806998  4.630353   4.970454
2177  -3.041494  2.162191   3.731723
2178  4.572623  -1.175197   4.721225
2179  1.506863  -8.763738   8.892342
2180  -3.273395  8.080032   8.717914
2181  -7.745586  9.328966   12.125333
2182  15.870579  -6.051517   16.985174
2183  5.993320  -11.229626   12.728880
2184  -2.094716  6.539150   6.866464
2185  1.948220  2.162980   2.911021
2186  -5.256567  6.812049   8.604389
2187  -0.978459  -8.477739   8.534017
2188  -8.478512  -3.521304   9.180672
2189  14.769129  -2.275585   14.943409
2190  5.728503  0.040531   5.728646
2191  -3.639189  -0.391457   3.660182
2192  -12.804731  1.616203   12.906326
2193  5.355999  0.381659   5.369580
2194  7.002563  3.048926   7.637528
2195  -0.778863  -13.189964   13.212940
2196  0.756279  1.520384   1.698095
2197  -7.200154  -5.024680   8.780070
2198  -4.900067  -0.729306   4.954043
2199  1.611003  2.472271   2.950839
2200  2.457643  -1.085874   2.686844
2201  -1.745290  -0.184502   1.755016
2202  5.986952  -3.519704   6.944920
2203  -8.534017  -10.475226   13.511470
2204  4.432057  0.705091   4.487792
2205  -9.156009  7.159463   11.622840
2206  6.599865  0.198007   6.602834
2207  5.810051  1.980148   6.138215
2208  3.650621  -9.284220   9.976161
2209  -10.241325  1.249846   10.317308
2210  -0.374179  5.510442   5.523132
2211  -6.465939  -5.457239   8.461077
2212  13.127174  4.573602   13.901098
2213  2.119766  -0.834199   2.278003
2214  -2.732173  4.044042   4.880476
2215  7.691466  2.961032   8.241745
2216  -4.165744  -15.707231   16.250247
2217  -0.799511  -5.121543   5.183572
2218  3.666763  -1.057394   3.816180
2219  -3.063179  12.561562   12.929652
2220  -1.586395  3.712075   4.036849
2221  -1.543175  -7.577068   7.732616
2222  8.738405  -9.609280   12.988378
2223  -3.865825  -2.183466   4.439834
2224  -7.766408  10.090723   12.733412
2225  6.467715  1.515527   6.642902
2226  -1.658883  -0.949841   1.911568
2227  -4.680174  -3.382756   5.774692
2228  2.904678  -8.296379   8.790169
2229  6.147170  8.052084   10.130338
2230  -4.591473  3.130317   5.557023
2231  7.197129  1.165292   7.290856
2232  10.014015  -12.325154   15.880488
2233  2.385895  6.054721   6.507852
2234  4.604831  0.103987   4.606005
2235  -13.631300  2.855575   13.927191
2236  -3.879051  5.902679   7.063190
2237  -3.256930  -0.453591   3.288364
2238  -0.589923  -10.338965   10.355781
2239  6.617056  -0.855005   6.672066
2240  -12.555379  -10.168359   16.156518
2241  0.170337  11.397490   11.398763
2242  11.886580  -3.624465   12.426887
2243  -7.881032  4.962695   9.313378
2244  1.311016  2.483247   2.808074
2245  -2.142468  -7.255740   7.565443
2246  -10.768468  -11.933276   16.073674
2247  4.988864  2.766540   5.704604
2248  4.725204  0.654807   4.770359
2249  1.800356  10.542801   10.695416
2250  -8.429507  -0.077787   8.429865
2251  12.614627  -8.552991   15.240816
2252  7.988984  6.413777   10.245018
2253  -21.889685  6.446073   22.819075
2254  -6.353171  10.457009   12.235678
2255  15.500061  2.136291   15.646585
2256  -5.716348  -19.457343   20.279666
2257  0.777108  11.568848   11.594919
2258  5.138398  13.806310   14.731508
2259  -4.735730  -16.391209   17.061620
2260  -1.774979  -2.186815   2.816507
2261  -10.763441  -3.422355   11.294431
2262  -13.292008  3.096427   13.647906
2263  14.848751  14.538401   20.781013
2264  3.517263  4.486905   5.701181
2265  -6.652398  -18.212298   19.389229
2266  2.983439  -3.469270   4.575668
2267  -12.456271  9.591606   15.721246
2268  13.431405  -1.595853   13.525879
2269  18.569456  12.286781   22.266336
2270  -6.111574  -2.882183   6.757094
2271  -7.546487  -8.355904   11.259245
2272  1.572245  -2.258311   2.751713
2273  -13.244699  7.284137   15.115578
2274  -11.214030  2.844705   11.569219
2275  5.147815  -11.760811   12.838095
2276  12.221683  -10.405763   16.051462
2277  6.183205  4.861056   7.865233
2278  -11.667462  -1.939636   11.827589
2279  13.541466  6.564411   15.048681
2280  -1.795065  -0.871090   1.995259
2281  -11.002578  -10.398513   15.138883
2282  3.986929  -11.332885   12.013737
2283  -11.019369  5.102391   12.143348
2284  12.670602  14.774717   19.463721
2285  -4.678775  -9.997511   11.038168
2286  2.301023  6.456112   6.853910
2287  5.436785  22.418344   23.068177
2288  -11.588106  7.479665   13.792375
2289  -3.532249  -20.337804   20.642264
2290  2.263585  -8.978283   9.259232
2291  -2.304203  7.609737   7.950940
2292  8.648000  4.438072   9.720308
2293  -6.892831  2.459287   7.318416
2294  -1.571082  7.988460   8.141486
2295  5.524072  17.055441   17.927728
2296  7.980889  -5.939371   9.948403
2297  -2.534485  1.571855   2.982339
2298  14.497382  -9.464774   17.313464
2299  -5.319085  0.940750   5.401637
2300  -4.182934  3.596798   5.516692
2301  3.189617  2.574221   4.098813
2302  1.012418  0.265487   1.046648
2303  12.622479  4.770759   13.493966
2304  -2.915534  -2.939777   4.140366
2305  -2.681070  3.490731   4.401516
2306  -3.303366  -10.332125   10.847352
2307  1.264634  9.273228   9.359063
2308  4.961674  -4.243575   6.528870
2309  -10.274118  8.124091   13.098028
2310  -12.628268  1.707743   12.743215
2311  20.462445  -4.672033   20.989034
2312  -3.614861  -5.002254   6.171691
2313  -17.827814  0.962050   17.853752
2314  11.948166  26.050619   28.659962
2315  9.306381  22.696598   24.530477
2316  10.336800  -38.987067   40.334115
2317  -26.268935  28.559152   38.803120
2318  6.269337  14.859085   16.127523
2319  43.726797  -35.440846   56.285756
2320  -3.203706  0.211567   3.210684
2321  -24.139921  17.665708   29.913425
2322  32.407030  4.124185   32.668403
2323  -8.099473  -21.047798   22.552412
2324  -35.421092  24.840835   43.263389
2325  8.312520  -25.268620   26.600774
2326  12.723866  21.401567   24.898269
2327  18.574980  -2.682850   18.767727
2328  14.441289  -48.408354   50.516527
2329  -16.995314  -9.699601   19.568418
2330  -37.099441  16.168202   40.469486
2331  -7.499128  41.680175   42.349427
2332  58.457415  -46.293996   74.568113
2333  -54.205413  -68.687164   87.499447
2334  -0.103123  53.866621   53.866719
2335  23.737498  18.328868   29.990269
2336  -17.456865  -44.387269   47.696664
2337  -3.381158  46.555470   46.678089
2338  57.570046  1.738612   57.596293
2339  -27.213895  -42.308952   50.305502
2340  -44.507198  57.322076   72.572110
2341  38.966506  -4.376716   39.211532
2342  -57.124888  -51.050417   76.611996
2343  22.599991  18.698612   29.332536
2344  12.608751  12.652556   17.862468
2345  -8.008987  -11.825326   14.282234
2346  36.838708  29.910006   47.452070
2347  9.858405  0.284258   9.862502
2348  -30.056358  21.931708   37.207317
2349  65.771914  -28.554218   71.702776
2350  -38.871015  9.883513   40.107850
2351  28.478463  7.095992   29.349207
2352  -66.052101  -26.704688   71.246196
2353  -62.541848  152.446982   164.777320
2354  235.965572  -19.947776   236.807231
2355  -193.047571  -234.741797   303.926102
2356  -86.794284  182.950142   202.494450
2357  400.908750  -26.285450   401.769524
2358  -180.727984  -555.291789   583.961964
2359  -242.641858  410.639322   476.969311
2360  189.490902  46.085386   195.014524
2361  -176.655953  -84.523540   195.835530
2362  172.773939  -25.458830   174.639589
2363  22.996217  11.463500   25.695094
2364  17.610319  53.824608   56.632251
2365  48.925011  10.335859   50.004866
2366  8.329038  -4.467910   9.451725
2367  36.479739  133.298370   138.199953
2368  -19.539943  -104.783258   106.589589
2369  -30.982882  6.053894   31.568791
2370  53.100703  41.905492   67.644326
2371  -109.358716  -229.013215   253.784124
2372  -203.907555  329.740973   387.694984
2373  148.338596  -61.294680   160.503510
