

-59.197551     48.177765     -2.610377     -25.262649     
-28.332028     83.047619     22.380952     -19.282694     
-44.026846     207.897106     75.402262     -34.138702     
117.050958     202.067669     154.889772     139.298880     
68.170426     224.763840     142.493734     102.080201     
-121.929897     -20.090722     -71.010309     -102.210309     
-179.365906     -85.161587     -132.263746     -164.368203     
-6.491228     90.114650     39.754777     -2.263158     


-131.421687     8.089888     -62.240964     -53.349398     
-161.501976     37.122302     -50.158103     -74.703557     
-100.742706     68.125000     -24.350133     -52.519894     
-101.617418     36.065574     -35.412131     -32.752722     
-152.608696     24.223602     -60.407609     -70.923913     
-84.782609     65.274725     -6.521739     -20.000000     
155.319149     414.198895     281.333333     284.888889     
107.287129     252.818182     175.366337     171.089109     


-44.634146     37.875383     7.722165     15.076609     
-69.166667     151.851852     14.444444     -11.250000     
-103.656307     23.491789     -26.983547     -15.466179     
158.260870     421.779661     293.661972     302.112676     
-60.545455     104.800000     -3.477273     -37.227273     
-134.117647     43.708134     -31.235294     -86.117647     
-93.997308     30.106762     -29.919246     -46.998654     
-92.014134     81.957447     -23.321555     -15.901060     
