0.00000
0.04639
-0.01221
-0.01221
-0.18066
-0.10010
-0.09521
-0.11719
-0.05859
0.02441
-0.01709
0.03662
-0.04639
-0.09766
-0.19531
-0.23926
-0.16846
-0.18799
-0.21973
-0.18066
-0.17090
-0.32227
-0.19531
-0.18555
-0.16846
-0.18799
-0.11719
-0.17822
-0.22705
-0.23438
-0.08057
-0.04395
-0.17090
-0.14160
-0.20996
-0.07568
-0.14648
-0.07568
-0.12451
-0.14648
-0.15381
-0.10010
-0.11475
-0.06592
-0.17090
-0.14648
-0.20752
-0.14648
-0.14893
-0.19531
-0.14404
-0.22217
-0.28076
-0.24414
-0.24170
-0.22949
-0.20264
-0.26367
-0.23682
-0.26855
-0.42236
-0.39795
-0.18799
-0.12695
-0.06104
0.10742
0.04150
-0.02197
-0.41016
-0.90820
-0.43213
0.01465
0.16357
0.10986
-0.15381
-0.17578
-0.20264
-0.19775
-0.11719
-0.21973
0.01709
0.01953
-0.08301
0.04150
-0.06592
0.06836
0.16113
0.23682
0.21484
0.22217
0.03662
0.05615
0.04639
0.10254
0.15625
0.16602
0.10742
0.15137
0.07568
0.12939
0.13184
0.02441
-0.07080
-0.06104
-0.05371
-0.10498
-0.09277
-0.00244
-0.09521
-0.12695
-0.14648
-0.13916
-0.11230
-0.09521
-0.06348
-0.12695
-0.14648
-0.15381
-0.01465
0.06104
0.04395
-0.09521
-0.10986
-0.20996
-0.19043
-0.24414
-0.10254
-0.04883
-0.13184
-0.21973
-0.19043
-0.12451
-0.08789
-0.20020
-0.13184
-0.16846
-0.32471
-0.25635
-0.21973
-0.22705
-0.31250
-0.34424
-0.33691
-0.32227
-0.41748
-0.32715
-0.27100
-0.30518
-0.43701
-0.40039
-0.37354
-0.34180
-0.45654
-0.35889
-0.40527
-0.45166
-0.30762
-0.43701
-0.35400
-0.45166
-0.49805
-0.38330
-0.33691
-0.29785
-0.30762
-0.37354
-0.41504
-0.52246
-0.52002
-0.43457
-0.43457
-0.34912
-0.41992
-0.35400
-0.43945
-0.40527
-0.42480
-0.42725
-0.40283
-0.30518
-0.31982
-0.35400
-0.35889
-0.28076
-0.27832
-0.39795
-0.31494
-0.23682
-0.36133
-0.41748
-0.37598
-0.30762
-0.17822
-0.13184
-0.18066
-0.14648
-0.07324
-0.10254
-0.00732
-0.00732
-0.11719
-0.04150
-0.05127
-0.16846
-0.06348
0.13672
0.08301
0.00488
0.07080
0.03662
-0.05615
-0.03418
-0.02930
0.07568
0.14648
0.12695
0.09766
0.22949
0.34912
0.29785
0.19043
0.08057
0.06104
0.19043
0.27832
0.30518
0.21729
0.18799
0.18066
0.17090
0.11719
0.24658
0.32715
0.24902
0.31738
0.31982
0.26611
0.37109
0.49316
0.63232
0.62500
0.52734
0.55664
0.54199
0.59326
0.70801
0.72021
0.71533
0.72266
0.71045
0.61768
0.60791
0.74219
0.69824
0.67871
0.70313
0.56152
0.60303
0.03174
0.03418
0.59082
0.77148
0.75928
0.56885
0.52979
0.46631
0.30518
0.38574
0.36621
0.40283
0.42969
0.36133
0.27100
0.36865
0.30029
0.34180
0.25879
0.16602
0.05615
-0.02686
0.03418
0.13672
0.25391
-0.00977
-0.15381
-0.02197
-0.01221
-0.00732
-0.10498
-0.08789
-0.23193
-0.28809
-0.17334
-0.18066
-0.16357
-0.12451
-0.06592
-0.17334
0.01953
-0.05859
-0.11963
-0.13428
-0.29297
-0.31738
-0.25146
-0.25879
-0.25391
-0.26367
-0.29785
-0.35889
-0.31250
-0.35889
-0.32471
-0.37842
-0.43701
-0.45410
-0.44189
-0.46143
-0.46387
-0.37354
-0.36133
-0.22217
-0.29541
-0.27344
-0.28076
-0.18555
-0.13184
-0.05615
-0.07568
-0.07568
-0.06104
-0.04639
-0.02930
0.07813
0.02441
-0.11475
-0.07568
0.10986
0.17822
0.28076
0.28076
0.25879
0.32715
0.29053
0.37354
0.45654
0.24658
0.30029
0.31006
0.27832
0.25879
0.31494
0.26123
0.33447
0.31250
0.33936
0.32471
0.49805
0.54443
0.62988
0.64941
0.76416
0.55176
0.52979
0.41748
0.38818
0.64453
0.88135
0.86670
0.79834
0.71289
0.57617
0.70068
0.76416
0.70068
0.45410
0.34912
-0.08057
0.44189
0.81543
1.04248
1.04736
1.04004
1.15967
0.87891
0.88867
0.90576
0.97900
0.96680
0.93994
0.76416
0.67383
0.87158
0.93262
0.97656
0.92041
0.84961
0.83008
0.94971
1.02539
0.95459
0.93262
0.83496
0.90820
0.84229
0.86914
0.82764
0.62744
0.61523
0.65186
0.56885
0.42236
0.58350
0.47119
0.43945
0.39551
0.46387
0.34912
0.21729
0.08789
0.07813
0.13672
0.12939
0.12451
0.15625
0.26123
0.27344
0.13672
0.09277
0.18066
0.28564
0.33203
0.36865
0.37354
0.34180
0.32471
0.27100
0.26367
0.36377
0.40527
0.30273
0.26611
0.24658
-0.22949
-0.39307
0.13916
0.33691
0.45654
0.50293
0.52002
0.47607
0.32471
0.35645
0.30273
0.22461
0.16602
0.22705
0.17090
0.13916
0.08789
-0.07080
-0.15381
-0.20996
-0.21973
-0.17334
-0.26123
-0.28564
-0.29541
-0.42236
-0.34424
-0.33691
-0.24414
-0.22217
-0.43213
-0.33691
-0.31982
-0.30273
-0.20996
-0.28076
-0.36133
-0.39795
-0.37598
-0.26855
-0.35889
-0.33447
-0.42725
-0.44678
-0.35400
-0.23193
-0.19775
-0.74219
-0.60547
-0.08789
0.14893
0.28320
0.28320
0.16113
0.13672
0.21484
0.18311
0.10010
0.20020
0.08301
0.14404
0.22461
0.09521
0.22949
0.21240
0.12451
0.14648
0.29785
0.24902
0.28564
0.20020
0.27100
0.35645
0.39795
0.39063
0.33447
0.37598
0.38086
0.36865
0.34912
0.32227
0.28564
0.32227
0.52002
0.41016
0.15137
0.09766
0.25146
0.33447
0.39063
0.39307
0.29053
0.39063
0.44678
0.41260
0.49805
0.62012
0.77637
0.71777
0.75684
0.80566
0.87402
0.94727
1.02295
0.98145
0.89111
0.94238
0.60791
1.09375
1.58447
1.80420
1.73584
1.80420
1.75537
1.67236
1.58203
1.63330
1.58447
1.53320
1.38184
1.44043
1.51123
1.46484
1.31592
1.21094
1.06445
1.10107
1.09863
0.96436
0.98389
0.93750
0.89355
0.77881
0.78125
0.78125
0.76416
0.67871
0.76416
0.68848
0.59326
0.55176
0.43457
0.37354
0.40771
-0.25391
-0.31982
0.27832
0.40771
0.31738
0.07813
0.07813
0.18311
0.22705
0.13428
0.20508
0.09521
0.14160
0.12939
0.10742
0.10010
0.00488
0.02197
-0.04883
-0.00244
-0.15869
-0.25391
-0.27344
-0.39551
-0.80566
-0.88623
-0.82764
-0.83740
-0.83008
-1.06445
-1.14990
-1.14990
-1.22803
-1.32813
-1.45508
-1.38184
-1.49658
-1.58203
-1.60889
-1.65771
-1.42334
-1.51611
-1.54541
-1.61865
-1.36963
-1.38672
-1.39893
-1.45264
-1.28418
-1.21338
-1.22559
-1.28906
-1.09619
-1.24268
-1.04248
-0.91797
-0.83008
-0.80078
-0.90820
-0.92529
-0.94727
-1.04492
-0.91309
-0.80322
-0.58105
-0.54688
-0.48340
-0.39063
-0.31982
-0.19043
-0.23926
-0.10254
-0.11475
0.04639
0.08057
0.14893
0.37354
0.35645
0.43457
0.39551
-0.11475
0.33936
0.87158
1.13281
1.12061
1.03516
0.98389
1.08398
0.92529
1.02539
1.27930
1.44531
1.46729
1.58203
1.69922
1.89941
1.92627
1.66260
1.41357
1.28418
1.22070
1.36963
1.68701
1.77734
1.85791
1.74805
1.69434
1.61865
1.52100
1.35742
1.47217
1.43311
1.57471
1.67725
1.57715
1.43311
1.30615
1.42822
1.46973
1.48193
0.94971
1.00830
1.38184
1.57471
1.68945
1.84082
1.68701
1.51123
1.66992
1.70654
1.86279
2.02148
1.94824
1.80176
1.60400
1.37939
1.35986
1.41602
1.29639
1.17920
1.05713
0.90820
0.82031
0.70801
0.68359
0.55420
0.41748
0.20996
0.17822
-0.08057
-0.20508
-0.41748
-0.66406
-0.79102
-0.94727
-1.06934
-1.31836
-1.58203
-1.74316
-1.68213
-1.74072
-1.87500
-1.99219
-2.10938
-2.10938
-2.30225
-2.43896
-2.44141
-2.37793
-2.45605
-2.49512
-2.56592
-2.68066
-2.62939
-2.58545
-2.54395
-2.60010
-2.60254
-2.48535
-2.54883
-2.41211
-2.37549
-2.36084
-2.23145
-2.21436
-2.22168
-2.00195
-1.90674
-1.84082
-1.81885
-1.68945
-1.70166
-1.62598
-1.54541
-1.48682
-1.47705
-1.40137
-1.50879
-1.44775
-1.39404
-1.34521
-1.18164
-1.06689
-0.88623
-0.88135
-0.79346
-0.69580
-0.75439
-0.68359
-0.57373
-0.53955
-0.61768
-0.58350
-0.38086
-0.31250
-0.24902
-0.13916
-0.13184
-0.09766
-0.07324
-0.59082
-0.30518
0.26855
0.54443
0.64697
0.42480
0.32227
0.46631
0.40771
0.52734
0.60059
0.78857
0.76416
0.89355
0.84717
0.75195
0.69580
0.90332
1.08398
1.16455
1.04248
1.08398
1.14746
1.31104
1.17920
1.27197
1.18164
1.23535
1.35986
1.39893
1.51367
1.65771
1.59912
1.70898
1.88721
1.89941
1.79688
1.62109
1.14990
1.37939
1.66260
1.81396
1.76514
1.55762
1.50879
1.31104
1.15234
1.10352
1.10107
1.12549
1.07666
1.08154
0.96924
0.84717
0.70801
0.50049
0.44922
0.27588
0.01953
-0.13916
-0.23926
-0.29541
-0.46875
-0.66650
-0.84473
-1.07910
-1.22559
-1.23047
-1.26953
-1.43311
-1.54541
-1.62842
-1.87988
-1.90918
-2.15088
-2.22168
-2.35352
-2.48047
-2.41211
-2.49023
-2.71484
-3.37891
-3.53516
-3.30811
-3.11523
-3.00537
-2.85156
-2.91992
-2.82959
-2.92236
-2.91748
-2.82471
-2.77344
-2.80762
-2.84668
-2.97363
-2.93701
-2.87598
-2.85645
-2.99561
-2.91260
-2.84424
-2.86621
-2.84668
-2.76367
-2.77832
-2.73438
-2.66846
-2.55371
-2.54395
-2.53174
-2.50732
-2.49268
-2.44629
-2.46094
-2.31201
-2.14844
-2.11426
-2.14844
-1.94580
-1.95557
-1.92871
-1.85547
-1.78711
-1.73096
-1.67236
-1.61133
-1.55029
-1.47949
-1.45752
-1.31348
-1.31836
-1.27686
-1.31836
-1.22314
-0.97900
-0.98389
-0.91064
-0.99365
-0.79346
-1.27930
-1.29639
-0.62988
-0.35156
-0.33936
-0.29053
-0.29541
-0.30273
-0.23682
-0.27588
-0.32715
-0.30273
-0.28320
-0.15869
-0.14160
-0.12695
0.00488
0.13428
0.06104
0.10498
0.10498
0.17334
0.15381
0.19531
0.21484
0.10986
0.11719
0.15381
0.16113
0.20752
0.17578
0.20996
0.09766
0.09521
0.07080
0.07813
0.10254
0.12695
0.07813
0.04883
0.05615
0.08057
0.00000
0.09033
-0.10742
-0.19287
-0.17334
-0.19775
0.14648
-0.06348
-0.45898
0.13672
0.40283
0.32227
0.44922
0.39795
0.32227
0.30273
0.18555
0.16602
0.06348
0.02197
0.02197
0.13672
0.07324
0.12207
0.12939
-0.10986
-0.10498
-0.12451
-0.08301
-0.10498
-0.14404
-0.19043
-0.25146
-0.35156
-0.42480
-0.37354
-0.43457
-0.40283
-0.34912
-0.48584
-0.48584
-0.51758
-0.58350
-0.62744
-0.60791
-0.72510
-0.81787
-0.83984
-0.87158
-0.91309
-0.93262
-0.97168
-0.92773
-1.04736
-0.97900
-1.03760
-0.98877
-1.01318
-0.97168
-0.97168
-0.89844
-0.94482
-0.84473
-0.94971
-0.89600
-0.97412
-0.95215
-0.86182
-0.90820
-0.88379
-0.89111
-0.79346
-0.82031
-0.80811
-0.89111
-0.94971
-0.93018
-0.98633
-0.96191
-1.04492
-1.04248
-1.04492
-1.02051
-1.07910
-1.12305
-1.11816
-1.14014
-1.14746
-1.11572
-1.13770
-1.14990
-1.22314
-1.24023
-1.22070
-1.23291
-1.27197
-1.12549
-1.19873
-1.15234
-1.23779
-1.25977
-1.22803
-1.01074
-0.99854
-1.12061
-1.17676
-1.12793
-1.09619
-1.06934
-0.99365
-0.89844
-0.86182
-0.78857
-0.81543
-0.93750
-0.84961
-0.66406
-0.76172
-0.76660
-0.72754
-0.66650
-0.55908
-0.51758
-0.62744
-0.61523
-0.54932
-0.41016
-0.44434
-0.43701
-0.33203
-0.26611
-0.17822
-0.27832
-0.27100
-0.52979
-0.89111
-0.36133
0.07324
0.16602
0.21729
0.16357
0.26367
0.07568
-0.07568
0.03906
0.11963
0.24414
0.29053
0.25635
0.32227
0.40771
0.32715
0.45898
0.39063
0.31006
0.41992
0.41992
0.41748
0.42236
0.45166
0.43701
0.40527
0.50293
0.35400
0.35156
0.43701
0.34180
0.31006
0.23682
0.25879
0.31738
0.31982
0.32715
0.25635
0.23682
0.27588
0.24414
0.22217
0.20020
0.24902
0.22217
0.13672
-0.00244
0.18066
0.14893
0.17090
0.20264
0.10986
0.15869
0.15625
0.20508
0.33691
0.26367
0.19287
0.10010
0.10742
0.19531
0.14648
0.23438
0.06836
0.04150
-0.09277
-0.02441
-0.08301
-0.17334
-0.14404
-0.19043
-0.20020
-0.23438
-0.14404
-0.19775
-0.21484
-0.18555
-0.02197
-0.13428
-0.20020
-0.35889
-0.32959
-0.44678
-0.33203
-0.21240
-0.65430
-0.83984
-0.31250
-0.03662
-0.16602
-0.26611
-0.35645
-0.35645
-0.35645
-0.52979
-0.50049
-0.58838
-0.61768
-0.52734
-0.71289
-0.84961
-0.72754
-0.62256
-0.52734
-0.49805
-0.55664
-0.62744
-0.59082
-0.66895
-0.69336
-0.69092
-0.58838
-0.52734
-0.57373
-0.60303
-0.55420
-0.55420
-0.60547
-0.54932
-0.53711
-0.62256
-0.64941
-0.62744
-0.56396
-0.58838
-0.60059
-0.64209
-0.63232
-0.69580
-0.62256
-0.62744
-0.65674
-0.73730
-0.74463
-0.80566
-0.74463
-0.70801
-0.72021
-0.72510
-0.72266
-0.83252
-1.17676
-1.07422
-0.46875
-0.41016
-0.22461
-0.24658
-0.39307
-0.46631
-0.48828
-0.48828
-0.45654
-0.35400
-0.30762
-0.31250
-0.23682
-0.24414
-0.16113
-0.11230
-0.16602
-0.08057
-0.19287
0.00000
0.06104
0.03906
0.10010
0.05859
0.12939
0.19775
0.31738
0.28076
0.40283
0.41748
0.39307
0.40283
0.41992
0.45898
0.40039
0.35889
0.36621
0.45166
0.46143
0.36133
0.41992
0.48096
0.37354
0.35889
0.37109
0.31250
0.29541
0.28809
0.31494
0.37598
0.23193
0.29785
0.26367
0.33447
0.17578
0.17578
0.32471
0.38330
0.21729
0.16113
0.16113
0.12695
0.17090
0.08301
0.15869
0.21240
0.30273
0.17334
0.20264
0.16357
0.24658
0.25391
0.28076
0.21484
0.20264
0.23438
0.22461
0.28564
0.20264
0.21240
0.25146
0.22217
0.14893
0.17090
0.09766
0.03906
-0.01953
0.00977
0.10742
0.05127
0.08057
0.02197
0.03906
0.12939
0.16113
0.07568
0.02930
-0.01221
0.04883
0.08301
0.03418
0.04639
0.09521
0.07324
0.08301
0.06104
-0.01709
0.05859
0.08789
-0.00244
0.05615
0.09277
0.13184
0.19775
0.16113
0.21240
0.10742
0.18555
0.15869
0.08301
0.14160
0.16357
0.19775
0.17090
0.18799
0.23682
0.19531
0.21729
0.20020
0.15625
0.12451
0.10742
0.25391
0.22217
0.24414
0.27344
0.29053
0.22217
0.20020
0.15381
0.35889
0.21729
0.24414
0.33691
0.34180
0.38818
0.36865
0.45410
0.63232
0.56396
-0.06592
0.31738
0.76660
0.94482
0.90088
0.86670
0.85938
0.82520
0.79834
0.72510
0.66650
0.75928
0.74707
0.81299
0.72510
0.65674
0.61768
0.55420
0.67139
0.55908
0.54932
0.52734
0.48828
0.52734
0.59326
0.56152
0.59570
0.57617
0.48340
0.49805
0.45654
0.48584
0.42725
0.37598
0.31738
0.33936
0.46387
0.49561
0.38086
0.39795
0.41260
0.39795
0.18555
0.17090
0.28320
0.17578
0.24658
0.28076
0.23682
0.33447
0.36377
0.22705
0.19775
0.14893
0.10742
-0.05127
-0.06836
0.05859
0.30273
0.23193
0.12207
-0.02686
0.03174
0.09033
0.08301
0.04395
-0.08545
-0.28809
-0.51758
-0.47607
-0.32227
-0.27100
-0.08057
-0.13672
-0.05859
-0.04639
0.00488
0.12939
0.15625
0.15869
0.15381
0.06836
0.09766
0.08545
0.10742
0.08057
0.15137
0.19775
-0.04150
-0.15625
-0.11963
-0.14160
-0.06348
-0.04395
-0.02197
-0.03418
-0.01221
-0.19775
-0.18311
-0.13916
-0.00244
0.08789
0.09766
-0.01953
0.01953
0.03174
-0.01221
-0.01221
0.13428
0.20508
0.08057
-0.00488
-0.17334
-0.07813
0.05127
0.22949
0.32471
0.42725
0.41748
0.44922
0.47852
0.48340
0.52246
0.62744
0.56885
0.52246
0.47607
0.49316
0.43457
0.46143
0.45410
0.37354
0.32227
0.17578
0.23926
0.21729
0.24658
0.28564
0.19531
0.22217
0.22461
0.24170
0.14404
0.22949
0.13672
0.18311
0.16113
0.09033
0.06104
0.02441
-0.12939
-0.14893
-0.21484
-0.19287
-0.07813
-0.00244
0.10010
0.14160
0.21973
0.43457
0.21729
-0.26123
-0.01221
0.52002
0.76172
0.82031
0.68359
0.51270
0.48340
0.40771
0.27100
0.40771
0.46143
0.49561
0.41504
0.45166
0.38574
0.37109
0.31982
0.41016
0.37842
0.27588
0.26123
0.34912
0.31738
0.39063
0.30762
0.21729
0.20752
0.25879
0.12695
0.18555
-0.03418
-0.12939
-0.18799
-0.18066
-0.08545
-0.04639
-0.00977
0.06592
-0.14893
-0.02441
0.00977
0.04150
0.01221
0.02197
0.05371
-0.01465
-0.06592
-0.10498
-0.09521
-0.04883
-0.05859
-0.23682
-0.34424
-0.36621
-0.32959
-0.25391
-0.42236
-0.39063
-0.31738
-0.27588
-0.25391
-0.39307
-0.37109
-0.41260
-0.32471
-0.39795
-0.49316
-0.65430
-0.81055
-0.61523
-0.45410
-0.40039
-0.55664
-0.64453
-0.66895
-0.52002
-0.48096
-0.55420
-0.60059
-0.71289
-0.81543
-0.73486
-0.78613
-0.67627
-0.59326
-0.49316
-0.47607
-0.37598
-0.39063
-0.25146
-0.29297
-0.14648
-0.10498
-0.06836
-0.19287
-0.13916
-0.18799
-0.12451
-0.21240
-0.20752
-0.22949
-0.20508
-0.12939
-0.16113
-0.14160
-0.46387
-0.78369
-0.18311
0.04639
0.01953
0.05371
0.07324
0.00488
0.00000
-0.06592
-0.06348
-0.06104
-0.11230
-0.17090
-0.11230
-0.03418
-0.12207
0.00488
0.06592
-0.07568
-0.16602
-0.22217
-0.42480
-0.39307
-0.37598
-0.30762
-0.16846
-0.05371
-0.07813
-0.03906
-0.05127
0.09033
0.07324
0.16602
0.27344
0.27588
0.24658
0.22705
0.30029
0.17090
0.27344
0.24658
0.24902
0.18066
0.18311
0.20508
0.29053
0.22217
0.19775
0.24658
0.31738
0.21484
0.28564
0.28809
0.21240
0.22461
0.25391
0.11963
0.31250
0.31006
0.36377
0.41504
0.46143
0.38330
0.35156
0.35645
0.45166
0.37354
0.32959
0.38818
0.35156
0.31006
0.39063
0.26611
0.24170
0.13428
0.21484
0.20752
0.34424
0.40771
0.33447
0.35889
0.41504
0.48340
0.59814
0.55176
0.61523
0.61279
0.61768
0.52734
0.61035
0.55176
0.55176
0.57861
0.55176
0.42969
0.44434
0.44189
0.39307
0.41748
0.38330
0.37842
0.42969
0.41504
0.39063
0.27832
0.35889
0.36133
0.38574
0.36133
0.28320
0.22949
0.29297
0.26367
0.24414
0.31738
0.14160
0.14893
0.14893
0.18555
0.15381
0.13184
0.09521
0.18311
0.20264
0.07568
0.08301
0.07813
0.07813
-0.00244
-0.06348
-0.11719
-0.08301
-0.13916
-0.20996
-0.32715
-0.38818
-0.41016
-0.40527
-0.34912
-0.25635
-0.30762
-0.25635
-0.22461
-0.13184
-0.07813
-0.10986
-0.12207
-0.13428
-0.15137
-0.11719
-0.08545
-0.13184
-0.08057
-0.03906
-0.13916
-0.20020
-0.20508
-0.24170
-0.20996
-0.22949
-0.15381
-0.21240
-0.17334
-0.22461
-0.18311
-0.19775
-0.20752
-0.23682
-0.35889
-0.22949
-0.29053
-0.39551
-0.34668
-0.22217
-0.36133
-0.21729
-0.25391
-0.31250
-0.30273
-0.36377
-0.34912
-0.40771
-0.30518
-0.36621
-0.24414
-0.25146
-0.28320
-0.35156
-0.33203
-0.30762
-0.15137
-0.28809
-0.82275
-0.71289
-0.60059
-0.26123
-0.19775
-0.15625
-0.04395
0.04150
0.02930
0.07080
0.10742
0.12695
0.07324
-0.12451
-0.21729
-0.16602
-0.15625
-0.20264
-0.16846
-0.09766
0.01465
0.03906
0.01465
0.07813
0.08789
0.17822
0.31738
0.29785
0.34424
0.25879
0.22217
0.22949
0.22949
0.27588
0.26611
0.29785
0.23926
0.23682
0.25879
0.21729
0.16357
0.21484
0.17578
0.15869
0.18555
0.13672
0.13184
0.18066
0.24414
0.13184
0.19043
0.06104
0.10010
0.17090
0.21240
0.13184
0.17090
0.15381
0.15137
0.31738
0.19287
0.19043
0.22461
0.27832
0.19287
-0.20264
-0.34180
0.25879
0.39551
0.46631
0.41748
0.35645
0.37842
0.31982
0.25879
0.20996
0.05371
-0.01953
-0.07813
0.01709
0.15625
0.14160
0.12451
0.11719
0.18799
0.27588
0.27832
0.23926
0.17578
0.07324
0.16602
0.20020
0.21484
0.18066
0.24902
0.11963
0.04150
0.13184
0.06836
0.01221
0.14893
0.06592
0.06836
0.00000
-0.01953
-0.04395
-0.07813
-0.14893
-0.20020
-0.15869
-0.20508
-0.22217
-0.20508
-0.30029
-0.32715
-0.38086
-0.35645
-0.35889
-0.43213
-0.41992
-0.51270
-0.39551
-0.34912
-0.52490
-0.52002
-0.43457
-0.39795
-0.49072
-0.47119
-0.47852
-0.53711
-0.46875
-0.57861
-0.52246
-0.43701
-0.47363
-0.45166
-0.41016
-0.47119
-0.54199
-0.52734
-0.51025
-0.54688
-0.48096
-0.44189
-0.46875
-0.42480
-0.32959
-0.33691
-0.32715
-0.30273
-0.35400
-0.33691
-0.37598
-0.41992
-0.32715
-0.34424
-0.35889
-0.37109
-0.30762
-0.31982
-0.35645
-0.31738
-0.40771
-0.54199
-0.52734
-0.59814
-0.59326
-0.41504
-0.28809
-0.34424
-0.27588
-0.23193
-0.10498
-0.12939
0.07080
0.00244
0.15625
0.11475
0.10254
0.12939
0.10254
0.06348
0.07324
0.11719
0.10498
0.14893
0.07568
0.00000
0.09277
0.06836
0.14160
0.07813
0.05615
0.00488
0.08789
0.08057
0.16357
0.14893
0.06592
0.14160
0.01465
0.10498
0.06592
0.12451
0.12939
0.04395
-0.04639
-0.01221
0.04395
0.03906
0.16846
0.12939
0.01953
0.02197
-0.07813
-0.25635
-0.20020
-0.10498
-0.20996
-0.13672
-0.09766
-0.02686
0.00488
0.08301
0.07568
0.15869
0.19043
0.20020
0.21973
0.24902
0.19775
0.28809
0.15381
0.34180
0.28076
0.08057
-0.03174
0.01465
0.00244
0.14893
0.08301
0.08057
0.13184
-0.00244
0.13916
0.09521
0.10986
0.12451
0.17090
0.27344
0.13916
-0.01953
0.01221
-0.04639
0.02441
-0.04639
0.02686
-0.00488
0.00977
-0.12695
0.06104
0.04395
-0.01709
-0.07080
-0.07568
-0.04883
-0.01953
-0.02930
-0.11963
-0.05859
-0.05859
-0.13428
-0.14648
-0.13184
-0.09033
-0.07080
-0.28076
-0.10010
-0.12451
-0.08301
-0.10010
-0.13916
-0.08301
-0.15381
-0.16113
-0.15381
-0.09766
-0.08301
-0.05859
-0.09766
-0.02197
-0.08545
0.02197
-0.07080
0.02930
-0.02197
0.07324
0.16357
0.05615
0.06592
0.05371
0.05127
0.10986
0.10010
0.10010
-0.00488
-0.00977
0.06348
0.07324
0.18066
0.13428
0.21973
0.20508
0.24902
0.15137
0.19043
0.18799
0.21240
0.22461
0.19287
0.14893
0.21973
0.18555
0.14160
0.24658
0.08545
0.00977
0.19287
0.12695
0.05615
0.02930
0.05127
0.06836
0.01465
-0.03906
-0.05371
-0.04150
-0.01709
-0.02197
-0.05371
-0.10986
-0.06348
-0.02197
-0.02197
-0.08545
-0.06836
-0.13916
-0.13916
-0.27344
-0.22461
-0.24414
-0.33203
-0.33936
-0.39307
-0.30273
-0.40527
-0.29541
-0.32471
-0.33447
-0.43213
-0.33203
-0.34912
-0.26611
-0.25879
-0.28564
-0.22949
-0.35400
-0.36377
-0.36621
-0.36133
-0.40283
-0.40771
-0.42725
-0.45166
-0.44922
-0.47119
-0.47852
-0.47363
-0.37598
-0.42969
-0.45410
-0.46143
-0.40527
-0.44922
-0.47363
-0.43213
-0.42725
-0.52490
-0.58838
-0.56641
-0.48096
-0.48096
-0.53955
-0.41260
-0.46387
-0.52002
-0.51025
-0.46875
-0.46143
-0.47852
-0.37598
-0.40283
-0.40039
-0.48096
-0.43457
-0.49316
-0.56152
-0.46387
-0.35156
-0.33691
-0.36377
-0.34180
-0.31250
-0.34180
-0.32227
-0.32715
-0.36133
-0.28564
-0.23438
-0.15137
-0.20508
-0.16357
-0.22949
-0.21240
-0.25146
-0.26123
-0.26855
-0.10254
-0.20508
-0.20264
-0.23193
-0.13428
-0.15625
-0.19775
-0.12207
-0.17822
-0.25879
-0.10010
-0.10254
-0.05127
-0.11963
-0.06592
-0.07080
-0.27344
-0.20752
-0.15625
-0.07813
-0.09277
-0.14404
-0.11475
-0.12451
-0.15137
-0.21484
-0.14648
-0.13672
-0.08057
-0.16113
-0.17334
-0.18066
-0.08301
-0.05615
-0.05127
0.03418
0.02441
-0.10010
-0.00244
-0.04150
0.02686
-0.01953
-0.06592
-0.00244
-0.02197
-0.12207
-0.07568
0.02930
-0.06836
0.02197
0.00732
-0.05371
-0.02930
-0.03662
-0.04395
-0.06104
-0.06592
-0.04395
-0.07568
-0.08057
-0.06348
-0.03906
-0.07324
-0.00488
-0.02441
-0.07813
-0.14893
-0.04395
