1
0	504.16536	504.24805	504.31011	504.37964	504.46412			
504.2897		504.32872	504.3014									
2
537.1254	537.18925	537.2365	537.27989	537.30172			
537.1792	537.21105	537.18241										
3
550.45985	550.50008	550.53103	550.56213	550.61043				
550.49024	550.53585	550.49245										 
4
610.82185	610.87128	610.95429	611.00217	611.03047				
610.92526	610.96016	610.93552										 
5
628.64231	628.68895	628.76077	628.81984	628.86057				
628.71615	628.77546	628.72968										 
6
0	711.80282	711.84821	711.92096	711.976	712.04906				
711.87168		711.91284	711.87965									 
7
890.78847	890.81645	890.89231	890.9576	891.05056				
890.89254	890.92671	890.89798										 
8
944.90775	945.01035	945.07315	945.15927	945.22767				
945.00665	945.04179	945.00906										 






1
0	1861.7577	1861.798	1861.8395	1861.8751	1861.9063			
1861.8092		1861.8411	1861.8272									
2
0	1882.2601	1882.2927	1882.318	1882.3597	1882.3744			
1882.2953		1882.3266	1882.3075									
3
0	1972.5165	1972.5295	1972.5672	1972.596	1972.6283			
1972.5461		1972.5781	1972.5562									
4
0	1999.3083	1999.3624	1999.4267	1999.4816	1999.5338			
1999.3904		1999.4377	1999.415									
5
0	2003.8288	2003.8589	2003.8957	2003.944	2003.9577			
2003.8645		2003.9022	2003.8812									
6
2084.0844	2084.1258	2084.1713	2084.2025	2084.2271			
2084.1063	2084.1423	2084.1212									
7
0	2140.4831	2140.5254	2140.5659	2140.6021	2140.632			
2140.5196		2140.5768	2140.549									
8
2144.2627	2144.3027	2144.3532	2144.3972	2144.4806			
2144.3328	2144.371	2144.3507									




1
0	2795.1089	2795.1623	2795.2115	2795.3094	2795.3582				
2795.1993		2795.2321	2795.2197									  
2
0	2822.8949	2822.9413	2822.9845	2823.0088	2823.0597				
2822.9679		2823.005	2822.9818									  
3
0	2832.6233	2832.6784	2832.7331	2832.8488	2832.8851				
2832.7016		2832.7482	2832.7284									  
4
2923.6247	2923.6648	2923.7062	2923.7488	2923.796				
2923.7012	2923.765	2923.7351										 
5
0	3020.9376	3020.9982	3021.0862	3021.1312	3021.1468	3021.1969			
3021.0566		3021.1124	3021.068									  
6
0	3024.8821	3024.9629	3025.0139	3025.0975	3025.1594				
3024.9759		3025.0342	3024.9895									  
7
0	3130.6638	3130.7468	3130.8211	3130.9054	3130.9744				
3130.7823		3130.8352	3130.8017									  
8
0	3138.4705	3138.5233	3138.6082	3138.6552	3138.6723				
3138.5648		3138.6296	3138.6007									  









