-75.61	73.64	-16.23	-62.70 
28.02 	190.84 	115.47 	69.20 
-133.39 62.57 	-30.50	0.43 
-58.91 	-1.48 	-30.20 	-48.26 
-65.78 	36.77 	1.91 	-63.74 
49.87	200.38	130.61	144.38 
149.63 	265.98 	215.49 	237.07 
126.86 	292.21 	211.40 	199.91 
97.92 	197.26 	144.65 	123.93 
119.43 	224.49 	172.91 	178.28 
83.80	165.98	124.89	108.59 
28.96 	349.79 	145.25 	141.24 
-89.78 	-12.32 	-51.05 	-55.45 
-124.33 -26.37 	-75.35	-64.47 
-99.30 	-3.72 	-51.51 	-45.35 
22.91	132.52	77.71 
0.00 	302.59 	121.60 
61.23 	312.68 	191.83 
-33.81 	259.64 	196.03 
-156.31 -11.32	-83.81 
94.41	369.20	254.07 
-73.01 	135.27 	4.36 
-111.27 84.64	-12.55 
-159.67 -16.36 	-88.02 
-116.76 416.06 	190.84 
