-81.78	-1.74	-41.76
-46.16 	44.22 	-5.63 
-16.61 	51.64 	14.07 
7.96 	54.34 	31.15 
-135.95 6.62 	-63.86
-77.30	0.00	-38.65
142.16 	234.53 	172.07
86.64 	204.87 	143.31
88.98 	245.81 	163.52
-80.72 	105.10 	15.57 
-118.88	-46.82	-82.85
-13.56 	107.45 	42.14 
-81.26 	-24.40 	-52.83
-10.93 	123.12 	56.41 
-156.70 -58.27 	-107.49
-115.48	36.47	-3.83 
15.62 	69.02 	42.32 
-146.82 32.42 	-57.13 
-87.15 	106.15 	33.69 
-165.67 158.08 	-52.49 
-146.60	-56.13	-101.37 
-178.93 -0.53 	-89.73 
39.73 	204.58 	128.68 
-40.13 	2.61 	-17.40 
-133.60 91.78 	-20.91 
