-75.61	73.64	-16.23 
28.02 	190.84 	115.47 
-133.39 	62.57  -30.50 
-58.91 		-1.48  -30.20 
-65.78 		36.77  1.91 
-111.49 	0.70   -55.53 
-22.31 		43.75  12.50 
-120.12 	2.79   -59.00 
-141.04 	55.28  -47.96 
43.38 		210.43 	      127.85 
49.87 		200.38 	      130.61 
149.63 		265.98 	      215.49 
126.86 		292.21 	      211.40 
97.92 		197.26 	      144.65 
119.43 		224.49 	      172.91 
83.80 		165.98 	      124.89 
28.96 		349.79 	      145.25 
-89.78 		-12.32 	      -51.05 
-124.33 	-26.37 	      -75.35 
-99.30 		-3.72 	      -51.51 
150.85 		281.55 	      215.74 
10.96 		122.87 	      66.91 
22.91 		132.52 	      77.71 
0.00 		302.59 	      121.60 
61.23 		312.68 	      191.83 
-33.81 		259.64 	      196.03 
-156.31 	-11.32 	      -83.81 
114.78 		433.93 	      288.37 
68.61 		374.38 	      246.87 
-157.66 	93.88 	      -32.55 
-90.85 		6.45 	      -43.04 
-127.34 	162.70 	      1.62 
94.41 		369.20 	      254.07 
-73.01 		135.27 	      4.36 
-111.27 	84.64 	      -12.55 
-159.67 	-16.36 	      -88.02 
-116.76 	416.06 	      190.84 
-81.63 		13.01 	      -36.49 
168.35 		364.00 	      268.05 
-131.19 	43.93 	      -49.96 
105.00 		257.65 	      172.50 
-63.27 		98.69 	      -9.17 
