-81.78	-1.74	-41.76 
-46.16 	44.22 	-5.63 
-16.61 	51.64 	14.07 
7.96 	54.34 	31.15 
-135.95 	6.62  -63.86 
-98.82 		9.09  -39.50 
-30.44 		34.25 	     -1.84 
170.84 		334.58 	     254.47 
-27.37 		66.71 	     13.22 
-82.93 		27.59 	     -28.90 
-37.47 		259.60 	     110.95 
61.38 		140.50 	     100.94 
-154.58 	32.13 	     -58.85 
-16.52 		83.10 	     31.82 
-12.22 		76.15 	     31.49 
-77.30 		0.00 	     -38.65 
142.16 		234.53 	     172.07 
86.64 		204.87 	     143.31 
88.98 		245.81 	     163.52 
-80.72 		105.10 	     15.57 
47.66 		247.94 	     150.03 
85.14 		250.20 	     169.13 
100.38 		269.83 	     173.77 
128.50 		247.32 	     176.69 
116.47 		232.58 	     171.36 
-118.88 	-46.82 	     -82.85 
-13.56 		107.45 	     42.14 
-81.26 		-24.40 	     -52.83 
-10.93 		123.12 	     56.41 
-156.70 	-58.27 	     -107.49 
-115.48 	36.47 	     -3.83 
15.62 		69.02 	     42.32 
-146.82 	32.42 	     -57.13 
-87.15 		106.15 	     33.69 
-165.67 	158.08 	     -52.49 
-15.30 		53.68 	     22.79 
119.68 		260.39 	     197.05 
68.63 		176.12 	     122.38 
103.93 		270.16 	     186.12 
54.29 		217.38 	     143.98 
-146.60 	-56.13 	     -101.37 
-178.93 	-0.53 	     -89.73 
39.73 		204.58 	     128.68 
-40.13 		2.61 	     -17.40 
-133.60 	91.78 	     -20.91 
-178.95 	-28.96 	     -103.95 
146.03 		436.64 	     269.67 
124.05 		240.89 	     191.16 
-100.17 	83.00 	     -8.25 
-104.62 	-11.01 	     -57.82 
