-165.26		-14.74	-90.00 
-137.87 	9.19 	-62.04 
-142.79 	3.42 	-68.76 
-0.61 		196.50 	102.26 
-170.39 	-9.10 	-89.75 
-82.66 		2.24 	-40.56 
84.90 		240.28 	171.13 
-168.40 	-111.38        -139.89 
127.08 		258.26 	       181.84 
144.31 		253.93 	       201.35 
101.76 		234.00 	       178.63 
86.81 		267.31 	       187.12 
59.61 		200.36 	       132.79 
47.63 		225.28 	       147.88 
134.50 		223.85 	       180.41 
129.44 		244.34 	       188.93 
-164.49 	-120.95        -142.72 
154.23 		408.25 	       266.31 
-121.41 	-18.35 	       -69.88 
-117.55 	0.00 	       -58.78 
57.46 		409.69 	       166.90 
91.70 		166.42 	         129.05
-119.45 	32.60 		 -45.00 
68.00 		196.36 		 128.00 
-155.27 	-102.71 	 -128.99 
-165.37 	-29.26 		 -97.31 
-70.88 		58.22 		 -0.21 
180.00 		318.64 		 249.32 
145.34 		341.16 		 243.21 
-90.45 		149.24 		 16.80 
56.00 		151.76 		 103.88 
173.29 		401.81 		 287.59 
100.56 		222.61 		 188.40 
161.18 		397.58 		 279.33 
171.29 		258.90 		 217.54 
119.07 		380.42 		 259.47 
158.09 		426.29 		 318.36 
-92.97 		76.74 		 -24.59 
-168.62 	-18.07 		 -93.35 
-80.54 		48.66 		 -17.71 
-126.39 	-19.61 		    -73.00
-150.38 	1.68 		    -74.43 
-101.58 	105.73 		    8.77 
-58.73 		185.78 		    58.39 
-168.54 	-46.52 		    -107.53 
-6.26 		227.69 		    150.43 
