-121.49		143.66	7.46 
174.18 		380.81 	277.27 
155.48 		419.46 	283.07 
-126.47 	85.46 	-38.19 
-145.29 	417.08 	114.18 
-161.90 	95.21 	-0.87 
-16.87 		326.94 	115.16 
180.00 		638.76 	534.43 
114.97 		443.03 	356.34 
119.94 		459.22 	289.19 
-53.65 		104.53 	26.53 
60.34 		232.35 	150.62 
-149.55 	7.54 	-67.49 
168.28 		232.32 	199.41 
115.47 		196.03 	153.69 
177.35 		218.72 	198.27 
-29.81 		244.66 	147.93 
-150.11 	-106.74        -128.42 
-148.21 	112.22 	       -40.08 
99.65 		260.29 	       179.75 
22.62 		179.43 	       101.03 
81.30 		233.18 	       162.97 
-67.74 		99.96 	       25.75 
152.00 		254.61 	       183.45 
90.60 		215.30 	       184.45 
116.19 		206.26 	       158.71 
109.65 		322.62 	       190.09 
180.00 		343.91 	       261.95 
-127.67 	369.50 	       108.74 
116.10 		205.57 	       160.61 
-177.13 	-50.24 	       -113.68 
5.09 		237.94 	       119.55 
-98.39 		-17.36 	       -57.88 
93.20 		254.94 	       180.36 
38.50 		170.84 	       104.67 
-76.32 		50.77 	       -25.12 
-72.80 		122.36 	       4.57 
127.69 		298.15 	       196.71 
32.07 		250.15 	       148.22 
157.47 		256.17 	       195.68 
75.99 		272.38 	       184.44 
83.84 		353.49 	       226.60 
73.92 		265.35 	       181.93 
-122.27 	77.74 	       -17.09 
-149.08 	19.89 	       -63.05 
-153.58 	59.73 	       -24.50 
155.39 		242.33 	       194.88 
62.22 		110.77 	       86.50 
-119.79 	6.17 	       -57.75 
-139.08 	32.80 	       -45.66 
-71.11 		33.91 	       -24.42 
-80.74 		69.04 	       0.80 
172.75 		370.37 	       266.80 
-101.53 	93.90 	       -0.42 
28.23 		227.63 	       124.92 
-6.20 		294.73 	       146.44 
123.42 		529.71 	       310.72 
-168.48 	311.28 	       130.87 
-154.31 	-26.37 	       -90.34 
170.52 		388.00 	       280.47 
177.37 		415.31 	       290.51 
-50.57 		67.16 	       -6.31 
16.67 		431.80 	       244.93 
