-94.05	106.20	7.80 
134.59 	369.28 	256.01 
-131.54 	159.30	19.80 
-45.21 		134.65 	29.65 
92.48 		493.20 	354.26 
121.42 		450.00 	250.49 
124.08 		290.82 	212.82 
-135.63 	23.91 	-60.70 
120.00 		291.55 	175.14 
133.61 		263.48 	175.84 
-80.22 		0.00 	-40.11 
-21.00 		58.61 	13.69 
-156.16 	-33.51 	-94.84 
-108.43 	-9.52 	-58.98 
83.22 		147.62 	115.42 
-158.38 	-42.82 	-100.60 
-0.62 		138.78 	69.01 
64.52 		211.74 	136.03 
118.10 		233.93 	167.37 
31.88 		141.51 	86.70 
72.77 		261.38 	149.23 
15.59 		193.75 	102.70 
127.23 		281.54 	193.15 
74.50 		269.83 	192.16 
48.37 		257.69 	149.58 
108.23 		300.65 	179.71 
50.97 		247.33 	150.95 
97.48 		384.05 	202.62 
143.17 		265.34 	200.68 
-67.87 		171.36 	44.75 
-4.31 		196.83 	95.17 
159.26 		250.10 	201.56 
96.49 		396.87 	237.04 
91.37 		280.00 	188.46 
131.29 		213.19 	165.97 
133.92 		331.58 	214.74 
69.68 		316.58 	218.29 
-15.45 		246.06 	118.83 
159.73 		356.66 	256.63 
-82.26 		-11.06 	-46.66 
150.84 		434.90 	265.38 
-152.41 	47.23 	-59.47 
-148.47 	-3.99 	-76.23 
-82.78 		64.82 	-2.78 
-110.77 	30.80 	-36.35 
-155.72 	70.29 	-29.31 
-156.74 	33.47 	-57.88 
-157.29 	64.32 	-48.86 
-105.59 	89.22 	-12.05 
-54.61 		446.02 	176.62 
119.10 		411.72 	272.15 
-143.02 	17.31 	-64.71 
-11.48 		161.61 	68.71 
-151.58 	13.60 	-71.05 
-138.17 	38.52 	-51.65 
-5.05 		121.35 	59.02 
