90.49	383.76	255.52 
121.24 	385.24 	261.82 
-3.24 	439.02 	195.88 
135.32 	454.06 	294.21 
-84.79 	269.43 	123.54 
-88.91 	110.40 	-22.11 
-150.29 	111.32	-34.86 
-49.50 		367.31 	222.02 
17.65 		435.73 	227.17 
-1.28 		369.62 	211.69 
-177.30 	-7.65 	-92.48 
144.80 		261.68 	203.19 
154.29 		325.24 	244.86 
-123.65 	-50.56 	-87.11 
-137.75 	-8.80 	-73.28 
-96.14 		27.23 	-33.48 
101.28 		247.16 	160.78 
-141.60 	-79.24 	-110.42 
132.68 		243.96 	179.70 
-179.42 	-24.88 	-102.15 
139.10 		297.54 	209.29 
55.64 		240.31 	153.27 
-60.00 		219.17 	66.16 
-33.67 		261.69 	145.56 
51.50 		251.91 	152.36 
38.04 		229.56 	167.95 
55.38 		278.14 	183.02 
74.22 		298.96 	192.26 
118.21 		304.57 	229.14 
-65.13 		129.52 	30.48 
-19.94 		410.07 	149.50 
28.36 		379.80 	163.09 
-109.76 	6.88 	-49.14 
78.75 		261.39 	191.11 
39.56 		296.80 	186.80 
-142.99 	126.89 	-18.90 
86.26 		321.30 	190.65 
-13.58 		435.55 	310.20 
110.80 		315.64 	193.82 
90.42 		288.80 	195.15 
20.96 		277.93 	165.18 
6.28 		142.30 	74.29 
68.46 		208.54 	155.29 
132.05 		273.41 	194.69 
155.35 		282.59 	223.22 
100.41 		357.06 	229.22 
128.32 		171.48 	149.90 
-121.68 	-15.12 	-68.40 
-102.20 	57.84 	-25.55 
156.39 		402.45 	290.82 
152.27 		332.10 	220.18 
-153.20 	-3.13 	-78.16 
-131.82 	48.25 	-41.26 
-176.51 	-17.00 	-96.76 
-140.00 	12.32 	-59.78 
-36.95 		74.14 	15.86 
111.77 		420.96 	264.27 
-86.29 		38.60 	-21.18 
143.34 		363.91 	250.29 
-119.22 	131.45 	-18.47 
145.38 		402.93 	279.14 
-133.86 	26.95 	-47.06 
-38.94 		161.26 	58.44 
-131.84 	120.50 	-17.76 
-174.13 	42.93 	-73.13 
81.36 		258.46 	173.90 
