-85.52	20.17	-30.25 
-107.56 	24.96  -32.89 
-116.01 	47.48  -33.08 
-40.17 		33.02  -1.39 
-140.59 	-27.26 	     -83.93 
-91.14 		38.52 	     -27.95 
95.98 		375.24 	     199.63 
156.21 		398.48 	     276.74 
-74.11 		72.99 	     10.86 
-165.18 	-74.37 	     -119.77 
-73.95 		102.07 	     15.79 
-55.40 		56.15 	     1.84 
-41.66 		67.35 	     14.75 
-129.39 	31.53 	     -10.74 
-147.36 	151.51 	     -11.41 
85.95 		234.44 	     163.32 
-29.00 		132.67 	     54.26 
102.17 		282.79 	     176.36 
66.17 		240.06 	     149.19 
107.61 		278.92 	     189.15 
-79.68 		30.60 	     -25.30 
-127.05 	49.59 	     -24.15 
-117.45 	-4.75 	     -61.10 
-113.98 	14.50 	     -47.13 
-134.65 	23.11 	     -43.57 
-153.79 	99.95 	     -38.11 
-72.73 		4.25 	     -35.31 
173.48 		395.07 	     335.42 
-47.41 		67.94 	     10.58 
154.21 		273.08 	     211.89 
-18.91 		69.43 	     22.34 
155.56 		413.11 	     288.58 
-121.70 	52.83 	     -23.27 
-111.31 	59.76 	     -38.58 
