-114.58		42.45	-19.93 
-57.27 		30.58 	-16.00 
-126.20 	79.39 	-30.16 
-150.70 	12.59 	-65.92 
141.70 		277.69 	214.00 
149.05 		437.01 	294.33 
-85.17 		29.29 	-31.49 
-143.95 	34.74 	-54.68 
-49.42 		118.99 	40.83 
-62.80 		71.88 	-3.97 
-100.93 	89.53 	19.07 
-127.60 	92.68 	1.41 
-151.27 	66.16 	-9.08 
-112.10 	19.60 	-38.72 
-129.83 	194.95 	8.13 
176.43 		316.16 	245.61 
-50.24 		44.44 	10.61 
-165.63 	129.04 	24.25 
-114.39 	32.22 	-41.43 
-105.22 	77.54 	-20.88 
-67.97 		60.45 	-3.16 
-110.15 	26.05 	-34.52 
-172.89 	49.74 	-57.98 
-96.21 		43.49 	-9.45 
-82.44 		132.73 	-2.52 
-88.29 		2.82 	-42.44 
64.46 		216.58 	137.58 
122.73 		275.18 	204.75 
-106.77 	90.23 	-12.89 
-133.27 	88.00 	-32.74 
-64.81 		90.31 	7.47 
-123.88 	29.16 	-51.13 
9.77 		216.72 	126.51 
-111.12 	84.22 	-13.74 
-106.18 	132.73 	-11.03 
22.76 		184.86 	105.69 
-78.22 		43.31 	-8.29 
-124.57 	50.20 	-22.42 
