-51.70	26.10	-13.81 
-59.43 	63.06 	2.03 
-154.24 	24.65	-55.99 
-147.19 	75.73 	-57.87 
-148.82 	21.90 	-40.12 
-36.97 		46.16 	1.23 
-113.86 	72.30 	-10.90 
-21.45 		85.02 	22.08 
18.97 		84.37 	51.67 
-70.10 		85.35 	22.87 
-45.71 		89.87 	21.12 
-82.17 		92.83 	8.93 
-141.79 	48.94 	-44.82 
-154.57 	-35.15 	-94.86 
89.03 		408.18 	234.63 
-128.41 	30.49 	-46.76 
-49.71 		78.51 	-4.71 
-153.39 	24.00 	-55.50 
-94.82 		30.00 	-34.20 
89.26 		266.50 	163.80 
-121.14 	13.87 	-53.18 
-79.84 		36.15 	-12.70 
-91.97 		78.25 	5.73 
-37.83 		55.61 	-6.80 
-152.62 	7.11 	-71.82 
-88.72 		56.56 	-17.49 
-171.30 	45.08 	-26.74 
25.34 		242.62 	144.39 
-29.05 		91.35 	20.48 
-70.06 		93.69 	-9.60 
64.40 		222.90 	149.66 
-79.64 		29.65 	-4.36 
-103.91 	18.38 	-39.23 
-60.53 		67.75 	-6.71 
-63.74 		37.51 	0.82 
