1 1 [1] 678 459 0.018283803462596407 0.01660290189850574 0.002543840104357379
1 1 [0] 36402 27245 0.9816622620139152 0.9833970981014942 -0.0025006304592976947
1 2 [1 0] 678 459 0.018298113513075864 0.016617296438118632 0.0025436068008811005
1 2 [0 1] 648 458 0.017488462472674278 0.016581171880644462 0.001344119232315989
1 2 [0 0] 35724 26762 0.9641324589102097 0.966801531681237 -0.003845337849205458
1 3 [1 0 0] 648 456 0.017502160760587727 0.016523248246438645 0.0014533044265191213
1 3 [0 0 1] 648 456 0.017502160760587727 0.016523248246438645 0.0014533044265191213
1 3 [0 1 0] 648 456 0.017502160760587727 0.016523248246438645 0.0014533044265191213
1 3 [0 0 0] 35076 26286 0.9473854796888505 0.950430255260684 -0.004385638946092508
1 4 [1 0 0 0] 648 456 0.017515880524395188 0.016537598610407468 0.0014523074316435552
1 4 [0 0 0 1] 648 456 0.017515880524395188 0.016537598610407468 0.0014523074316435552
1 4 [0 0 1 0] 648 456 0.017515880524395188 0.016537598610407468 0.0014523074316435552
1 4 [0 1 0 0] 618 456 0.016704960129747263 0.016537598610407468 0.0002426692860357695
1 4 [0 0 0 0] 34428 25805 0.9306122448979591 0.9338496055583702 -0.004662419185477204
1 5 [0 0 0 0 1] 628 438 0.01698812454351178 0.01589946036000145 0.0016231947510212006
1 5 [1 0 0 0 0] 628 439 0.01698812454351178 0.01593567780956865 0.0015674298053864127
1 5 [0 0 0 1 0] 648 455 0.017529147618145915 0.016515157002643874 0.001506895975229206
1 5 [0 0 1 0 0] 618 455 0.016717613006194714 0.016515157002643874 0.0002938652902881539
1 5 [0 1 0 0 0] 618 456 0.016717613006194714 0.016551374452211075 0.00024103193426584094
1 5 [1 0 0 0 1] 20 17 0.0005410230746341331 0.0006519140922096266 -0.00014553073580623793
1 5 [0 0 0 0 0] 33800 25344 0.9143289961316851 0.9179312592807215 -0.00518675651430892
1 6 [0 0 0 0 0 1] 611 423 0.01654033567948024 0.015368443945050563 0.0017535636182988456
1 6 [1 0 0 0 0 0] 611 424 0.01654033567948024 0.015404690275109646 0.0016973500227872155
1 6 [0 0 0 0 1 0] 628 438 0.017000541418516514 0.015912138895936786 0.0016227512906380947
1 6 [0 1 0 0 0 0] 598 438 0.016188413643746617 0.015912138895936786 0.00040202053224743813
1 6 [0 0 0 1 0 0] 618 455 0.016729832160259882 0.016528326506941173 0.0002924761565335312
1 6 [0 0 1 0 0 0] 618 455 0.016729832160259882 0.016528326506941173 0.0002924761565335312
1 6 [1 0 0 0 0 1] 17 14 0.00046020573903627504 0.0005436949508862228 -0.0001106879735377621
1 6 [0 1 0 0 0 1] 20 17 0.0005414185165132648 0.0006524339410634673 -0.0001456890133389609
1 6 [1 0 0 0 1 0] 20 17 0.0005414185165132648 0.0006524339410634673 -0.0001456890133389609
1 6 [0 0 0 0 0 0] 33189 24898 0.8984569572279372 0.9024973721410707 -0.005816018844969653
1 7 [0 0 0 0 0 1 0] 611 422 0.01655198569648372 0.015343876958792803 0.0018098147551578578
1 7 [0 0 0 0 0 0 1] 585 405 0.01584764587961207 0.014727219965177016 0.0016764182991575183
1 7 [1 0 0 0 0 0 0] 585 407 0.01584764587961207 0.014799767846778875 0.0015640676056537836
1 7 [0 0 0 0 1 0 0] 599 436 0.016226905781004497 0.015851712130005805 0.0005476459569766983
1 7 [0 1 0 0 0 0 0] 581 424 0.015739285907785665 0.01541642484039466 0.0004706338073519422
1 7 [0 0 1 0 0 0 0] 598 438 0.016199815788047894 0.015924260011607662 0.0004009628537765855
1 7 [0 0 0 1 0 0 0] 618 454 0.016741615647179933 0.01650464306442252 0.00034432184651496996
1 7 [1 0 0 0 0 0 1] 26 17 0.0007043398168716476 0.000652930934416715 7.701339383650436e-05
1 7 [0 1 0 0 0 0 1] 17 14 0.00046052988026223116 0.0005441091120139291 -0.000110804052939893
1 7 [1 0 0 0 0 1 0] 17 14 0.00046052988026223116 0.0005441091120139291 -0.000110804052939893
1 7 [0 0 1 0 0 0 1] 20 17 0.0005417998591320366 0.000652930934416715 -0.0001458364719767829
1 7 [0 1 0 0 0 1 0] 20 17 0.0005417998591320366 0.000652930934416715 -0.0001458364719767829
1 7 [1 0 0 0 1 0 0] 19 17 0.0005147098661754348 0.000652930934416715 -0.0001766334777497744
1 7 [0 0 0 0 0 0 0] 32604 24472 0.8832421303570461 0.887732153221126 -0.006461324303081677
1 8 [0 0 0 0 0 0 0 1] 562 380 0.015234893870801593 0.013830405111078845 0.0021258166751187257
1 8 [1 0 0 0 0 0 0 0] 562 382 0.015234893870801593 0.013903005662843037 0.0020107415125884607
1 8 [0 0 0 0 0 0 1 0] 585 405 0.01585838596871696 0.014737912008131262 0.0016764502259724798
1 8 [0 0 0 0 0 1 0 0] 582 422 0.015777060912467132 0.015355016698126906 0.0006171732447516854
1 8 [0 0 1 0 0 0 0 0] 581 422 0.015749952560383855 0.015355016698126906 0.0005770373426362978
1 8 [0 0 0 0 1 0 0 0] 599 436 0.016237902897882836 0.01586322056047626 0.0005468864796215104
1 8 [0 0 0 1 0 0 0 0] 598 436 0.016210794545799562 0.01586322056047626 0.0005068970588679052
1 8 [0 1 0 0 0 0 0 0] 555 406 0.015045135406218655 0.014774212284013358 0.0003944214438698879
1 8 [0 1 0 0 0 0 0 1] 26 17 0.0007048171541651983 0.0006534049658777406 7.701651108594823e-05
1 8 [1 0 0 0 0 0 1 0] 26 17 0.0007048171541651983 0.0006534049658777406 7.701651108594823e-05
1 8 [0 0 1 0 0 0 0 1] 17 14 0.0004608419854157066 0.0005445041382314506 -0.00011091123358697063
1 8 [0 1 0 0 0 0 1 0] 17 14 0.0004608419854157066 0.0005445041382314506 -0.00011091123358697063
1 8 [1 0 0 0 0 1 0 0] 17 14 0.0004608419854157066 0.0005445041382314506 -0.00011091123358697063
1 8 [0 0 0 1 0 0 0 1] 20 17 0.0005421670416655372 0.0006534049658777406 -0.000145973056949381
1 8 [0 0 1 0 0 0 1 0] 20 17 0.0005421670416655372 0.0006534049658777406 -0.000145973056949381
1 8 [0 1 0 0 0 1 0 0] 19 17 0.0005150586895822603 0.0006534049658777406 -0.00017678904660866902
1 8 [1 0 0 0 1 0 0 0] 19 17 0.0005150586895822603 0.0006534049658777406 -0.00017678904660866902
1 8 [1 0 0 0 0 0 0 1] 23 25 0.0006234920979153678 0.0009438071729345143 -0.00037292363006984606
1 8 [0 0 0 0 0 0 0 0] 32042 24071 0.8686058174523571 0.8738202410338318 -0.007500332462443571
1 9 [0 0 0 0 0 0 0 1 0] 562 378 0.015244398632886671 0.01376679985470396 0.0022422376325350307
1 9 [0 0 0 0 0 0 0 0 1] 542 364 0.0147018933434601 0.01325826371231384 0.002192200882708707
1 9 [1 0 0 0 0 0 0 0 0] 542 366 0.0147018933434601 0.013330911732655285 0.0020762970499332042
1 9 [0 1 0 0 0 0 0 0 0] 532 380 0.014430640698746812 0.013839447875045405 0.0008708742586871745
1 9 [0 0 0 0 1 0 0 0 0] 580 419 0.015732653393370585 0.015256084271703597 0.0006981725425164761
1 9 [0 0 0 0 0 0 1 0 0] 557 403 0.015108772310530028 0.01467490010897203 0.0006351086290873787
1 9 [0 0 0 0 0 1 0 0 0] 582 422 0.01578690392231324 0.015365056302215765 0.0006168765660719578
1 9 [0 0 0 1 0 0 0 0 0] 581 422 0.015759778657841915 0.015365056302215765 0.0005767167952690958
1 9 [0 0 1 0 0 0 0 0 0] 555 405 0.01505452178158737 0.014747548129313476 0.00044744692848186555
1 9 [0 0 1 0 0 0 0 0 1] 26 17 0.0007052568762545435 0.0006538321830730113 7.703410532273637e-05
1 9 [0 1 0 0 0 0 0 1 0] 26 17 0.0007052568762545435 0.0006538321830730113 7.703410532273637e-05
1 9 [1 0 0 0 0 0 1 0 0] 25 17 0.0006781316117832149 0.0006538321830730113 3.5700175826549616e-05
1 9 [1 0 0 0 0 0 0 0 1] 20 14 0.0005425052894265719 0.0005448601525608427 -3.389997164165019e-06
1 9 [1 0 0 0 1 0 0 0 1] 1 0 2.7125264471328594e-05 3.6324010170722845e-05 -1.1427501791665735e-05
1 9 [0 0 0 1 0 0 0 0 1] 17 14 0.0004611294960125861 0.0005448601525608427 -0.00011100034183164379
1 9 [0 0 1 0 0 0 0 1 0] 17 14 0.0004611294960125861 0.0005448601525608427 -0.00011100034183164379
1 9 [0 1 0 0 0 0 1 0 0] 17 14 0.0004611294960125861 0.0005448601525608427 -0.00011100034183164379
1 9 [1 0 0 0 0 1 0 0 0] 17 14 0.0004611294960125861 0.0005448601525608427 -0.00011100034183164379
1 9 [0 0 0 1 0 0 0 1 0] 20 17 0.0005425052894265719 0.0006538321830730113 -0.00014608755363017378
1 9 [0 0 0 0 1 0 0 0 1] 19 17 0.0005153800249552433 0.0006538321830730113 -0.00017692159745986123
1 9 [0 0 1 0 0 0 1 0 0] 19 17 0.0005153800249552433 0.0006538321830730113 -0.00017692159745986123
1 9 [0 1 0 0 0 1 0 0 0] 19 17 0.0005153800249552433 0.0006538321830730113 -0.00017692159745986123
1 9 [1 0 0 0 1 0 0 0 0] 18 17 0.0004882547604839147 0.0006538321830730113 -0.00020569503224998335
1 9 [0 1 0 0 0 0 0 0 1] 23 25 0.0006238810828405577 0.000944424264438794 -0.0003731832309477418
1 9 [1 0 0 0 0 0 0 1 0] 23 25 0.0006238810828405577 0.000944424264438794 -0.0003731832309477418
1 9 [0 0 0 0 0 0 0 0 0] 31500 23689 0.8544458308468508 0.8605158009444243 -0.008726157083488284
1 10 [0 0 0 0 0 0 0 0 1 0] 542 364 0.014709873527655648 0.013265491550063601 0.0021933408070596763
1 10 [0 0 0 0 0 0 0 0 0 1] 514 353 0.0139499538620203 0.012865709612938397 0.0016283686124682942
1 10 [1 0 0 0 0 0 0 0 0 0] 514 355 0.0139499538620203 0.012938397237870252 0.001514985049148865
1 10 [0 0 0 0 0 0 0 1 0 0] 534 378 0.014492753623188406 0.013774304924586589 0.0010630755546009063
1 10 [0 0 1 0 0 0 0 0 0 0] 532 380 0.014438473647071595 0.013846992549518445 0.0008712978898039849
1 10 [0 0 0 0 0 1 0 0 0 0] 564 404 0.015306953264940564 0.01471924404870071 0.0008645914332378832
1 10 [0 0 0 0 1 0 0 0 0 0] 564 404 0.015306953264940564 0.01471924404870071 0.0008645914332378832
1 10 [0 1 0 0 0 0 0 0 0 0] 513 366 0.013922813873961895 0.013338179174995458 0.0008616701766844081
1 10 [0 0 0 0 0 0 1 0 0 0] 557 403 0.015116973348531727 0.01468290023623478 0.0006354019803222916
1 10 [1 0 0 0 0 0 0 0 0 1] 28 11 0.0007599196656353471 0.0004361257495911321 0.0006087737271467337
1 10 [0 0 0 1 0 0 0 0 0 0] 555 405 0.015062693372414917 0.014755587861166637 0.00044763860149886866
1 10 [0 0 0 1 0 0 0 0 0 1] 26 17 0.0007056396895185367 0.0006541886243866982 7.707352080807378e-05
1 10 [0 0 1 0 0 0 0 0 1 0] 26 17 0.0007056396895185367 0.0006541886243866982 7.707352080807378e-05
1 10 [0 1 0 0 0 0 0 1 0 0] 25 17 0.0006784997014601314 0.0006541886243866982 3.571724751900653e-05
1 10 [1 0 0 0 0 0 1 0 0 0] 25 17 0.0006784997014601314 0.0006541886243866982 3.571724751900653e-05
1 10 [1 0 0 0 0 0 0 0 1 0] 20 14 0.0005427997611681051 0.0005451571869889151 -3.393682337380435e-06
1 10 [0 1 0 0 0 1 0 0 0 1] 1 0 2.7139988058405254e-05 3.634381246592767e-05 -1.1433796891087217e-05
1 10 [1 0 0 0 1 0 0 0 1 0] 1 0 2.7139988058405254e-05 3.634381246592767e-05 -1.1433796891087217e-05
1 10 [1 0 0 0 1 0 0 0 0 1] 1 1 2.7139988058405254e-05 7.268762493185535e-05 -3.8573784949492475e-05
1 10 [1 0 0 0 0 1 0 0 0 1] 1 1 2.7139988058405254e-05 7.268762493185535e-05 -3.8573784949492475e-05
1 10 [0 1 0 0 0 0 0 0 0 1] 19 14 0.0005156597731096999 0.0005451571869889151 -4.138312125779514e-05
1 10 [0 0 0 0 1 0 0 0 0 1] 16 13 0.00043423980893448407 0.0005088133745229875 -9.928658841952082e-05
1 10 [1 0 0 0 0 1 0 0 0 0] 16 13 0.00043423980893448407 0.0005088133745229875 -9.928658841952082e-05
1 10 [0 0 0 1 0 0 0 0 1 0] 17 14 0.0004613797969928893 0.0005451571869889151 -0.00011106216111170925
1 10 [0 0 1 0 0 0 0 1 0 0] 17 14 0.0004613797969928893 0.0005451571869889151 -0.00011106216111170925
1 10 [0 1 0 0 0 0 1 0 0 0] 17 14 0.0004613797969928893 0.0005451571869889151 -0.00011106216111170925
1 10 [0 0 0 0 0 1 0 0 0 1] 18 16 0.0004885197850512946 0.0006178448119207705 -0.00016552394726772194
1 10 [0 0 0 0 1 0 0 0 1 0] 19 17 0.0005156597731096999 0.0006541886243866982 -0.00017701938329009402
1 10 [0 0 0 1 0 0 0 1 0 0] 19 17 0.0005156597731096999 0.0006541886243866982 -0.00017701938329009402
1 10 [0 0 1 0 0 0 1 0 0 0] 19 17 0.0005156597731096999 0.0006541886243866982 -0.00017701938329009402
1 10 [1 0 0 0 1 0 0 0 0 0] 17 16 0.0004613797969928893 0.0006178448119207705 -0.00019437454714848275
1 10 [0 1 0 0 0 1 0 0 0 0] 18 17 0.0004885197850512946 0.0006541886243866982 -0.00020580834403956995
1 10 [0 0 1 0 0 0 0 0 0 1] 23 25 0.0006242197253433209 0.0009449391241141196 -0.00037338791656247125
1 10 [0 1 0 0 0 0 0 0 1 0] 23 25 0.0006242197253433209 0.0009449391241141196 -0.00037338791656247125
1 10 [1 0 0 0 0 0 0 1 0 0] 23 25 0.0006242197253433209 0.0009449391241141196 -0.00037338791656247125
1 10 [0 0 0 0 0 0 0 0 0 0] 30986 23315 0.8409596699777452 0.8473923314555697 -0.009245055121572126
2 1 [1] 678 459 0.036551835678473234 0.033184244697734816 0.005096986235812857
2 1 [0] 17869 13401 0.9633403417974015 0.9668157553022652 -0.005004939164106895
2 2 [1 0] 662 459 0.0357451403887689 0.0332417979476803 0.003744257102563268
2 2 [0 1] 648 456 0.03498920086393088 0.03302500361323891 0.0029163847131053744
2 2 [0 0] 17207 12920 0.9291036717062635 0.9337331984390808 -0.00666241032000955
2 3 [1 0 0] 623 433 0.033690244430023795 0.031415128483532395 0.003398382628815705
2 3 [0 0 1] 623 433 0.033690244430023795 0.031415128483532395 0.003398382628815705
2 3 [0 1 0] 632 456 0.03417694138005624 0.03307998552298227 0.001608527068592995
2 3 [1 0 1] 25 23 0.0013519359723123514 0.001737242128121607 -0.0004890926028586942
2 3 [0 0 0] 16584 12465 0.8968202465931213 0.9023525153818314 -0.007956859921806647
2 4 [0 0 0 1] 572 396 0.030977525047386947 0.028782715870369027 0.0032842110790270696
2 4 [1 0 0 0] 572 397 0.030977525047386947 0.028855216414123107 0.0031717805247245888
2 4 [0 0 1 0] 607 432 0.03287300297860818 0.031392735445515844 0.0021851509696477513
2 4 [0 1 0 0] 593 433 0.032114811806119685 0.03146523598926992 0.0009467471911829073
2 4 [1 0 0 1] 51 36 0.002761982128350934 0.0026825201189008916 0.00011632085884520817
2 4 [0 1 0 1] 25 23 0.0013539128080151638 0.0017400130500978758 -0.0004900667397556871
2 4 [1 0 1 0] 25 23 0.0013539128080151638 0.0017400130500978758 -0.0004900667397556871
2 4 [0 0 0 0] 16012 12045 0.8671540752775522 0.8733415500616255 -0.008894942390249811
2 5 [0 0 0 0 1] 527 360 0.028579175704989156 0.026210702098308284 0.0035669185313903563
2 5 [1 0 0 0 0] 527 363 0.028579175704989156 0.026428519567269295 0.003225694224710651
2 5 [0 0 0 1 0] 557 396 0.030206073752711497 0.028824511725840413 0.00204019380633623
2 5 [0 0 1 0 0] 571 409 0.03096529284164859 0.029768387424671458 0.001761027725774346
2 5 [0 1 0 0 0] 542 396 0.029392624728850326 0.028824511725840413 0.0008276383009562262
2 5 [0 1 0 0 1] 51 36 0.0027657266811279826 0.0026864154505191317 0.00011609458142232969
2 5 [1 0 1 0 1] 2 0 0.00010845986984815618 7.260582298700355e-05 6.279871823392862e-05
2 5 [1 0 0 1 0] 50 36 0.0027114967462039045 0.0026864154505191317 3.635305385736617e-05
2 5 [1 0 0 0 1] 45 34 0.002440347071583514 0.0025412038045451247 -0.00014257907984984515
2 5 [0 1 0 1 0] 25 23 0.0013557483731019523 0.0017425397516880855 -0.0004909193720574967
2 5 [0 0 1 0 1] 23 23 0.001247288503253796 0.0017425397516880855 -0.000601687437016724
2 5 [1 0 1 0 0] 22 23 0.001193058568329718 0.0017425397516880855 -0.0006520383622166385
2 5 [0 0 0 0 0] 15485 11661 0.8397505422993492 0.8467291076744355 -0.010026338264401061
2 6 [0 0 0 0 0 1] 485 337 0.026332935172114234 0.024571096248909567 0.002630821203714117
2 6 [1 0 0 0 0 0] 485 339 0.026332935172114234 0.02471648735097412 0.0024066884298013123
2 6 [0 0 0 0 1 0] 513 360 0.0278531870995765 0.026243093922651933 0.0023927169295293008
2 6 [0 0 0 1 0 0] 522 373 0.02834183950483223 0.027188136086071533 0.001699267556471543
2 6 [0 0 1 0 0 0] 522 376 0.02834183950483223 0.027406222739168363 0.0013725923330544314
2 6 [0 1 0 0 0 0] 500 362 0.02714735584754045 0.02638848502471649 0.0011104126162388972
2 6 [1 0 0 0 0 1] 42 23 0.002280377891193398 0.0017446932247746438 0.0008809089179046504
2 6 [0 0 1 0 0 1] 49 33 0.002660440873058964 0.002471648735097412 0.0002825165138009079
2 6 [1 0 0 1 0 0] 49 34 0.002660440873058964 0.002544344286129689 0.00017125640906441497
2 6 [0 1 0 1 0 1] 2 0 0.0001085894233901618 7.269555103227682e-05 6.286726164246279e-05
2 6 [1 0 1 0 1 0] 2 0 0.0001085894233901618 7.269555103227682e-05 6.286726164246279e-05
2 6 [0 1 0 0 1 0] 50 36 0.002714735584754045 0.0026897353881942423 3.623476113371401e-05
2 6 [1 0 0 1 0 1] 1 2 5.42947116950809e-05 0.00021808665309683048 -0.00010891616289801914
2 6 [1 0 1 0 0 1] 2 3 0.0001085894233901618 0.0002907822041291073 -0.0001543115851378608
2 6 [1 0 0 0 1 0] 44 34 0.0023889673145835594 0.002544344286129689 -0.00021717334005093395
2 6 [0 1 0 0 0 1] 42 34 0.002280377891193398 0.002544344286129689 -0.00036034755301510415
2 6 [0 0 0 1 0 1] 22 21 0.0011944836572917797 0.00159930212271009 -0.0005029437792246891
2 6 [1 0 1 0 0 0] 20 20 0.001085894233901618 0.0015266065716778134 -0.0005336569827624695
2 6 [0 0 1 0 1 0] 23 23 0.0012487783689868607 0.0017446932247746438 -0.0006024805321191324
2 6 [0 1 0 1 0 0] 22 23 0.0011944836572917797 0.0017446932247746438 -0.0006528883663592801
2 6 [0 0 0 0 0 0] 15000 11302 0.8144206754262134 0.821677813317825 -0.010423464819077794
1 1 [1] 678 459 0.018283803462596407 0.01660290189850574 0.002543840104357379
1 1 [0] 36402 27245 0.9816622620139152 0.9833970981014942 -0.0025006304592976947
1 2 [1 0] 678 459 0.018298113513075864 0.016617296438118632 0.0025436068008811005
1 2 [0 1] 648 458 0.017488462472674278 0.016581171880644462 0.001344119232315989
1 2 [0 0] 35724 26762 0.9641324589102097 0.966801531681237 -0.003845337849205458
