1 1 37082 2.696726174424249e-05 27706 3.609326499675161e-05
1 2 37053 2.698836801338623e-05 27682 3.612455747417094e-05
1 3 37024 2.7009507346586e-05 27658 3.615590425916552e-05
1 4 36995 2.7030679821597515e-05 27634 3.6187305493232976e-05
1 5 36967 2.7051153731706658e-05 27611 3.6217449567201475e-05
1 6 36940 2.7070925825663238e-05 27589 3.624633005908152e-05
1 7 36914 2.708999295660183e-05 27568 3.627394080092861e-05
1 8 36889 2.710835208327686e-05 27548 3.63002758820967e-05
1 9 36866 2.7125264471328594e-05 27530 3.6324010170722845e-05
1 10 36846 2.7139988058405254e-05 27515 3.634381246592767e-05

2 1 18549 5.3911262062644886e-05 13862 7.213966238638003e-05
2 2 18520 5.3995680345572353e-05 13838 7.226477814713109e-05
2 3 18492 5.4077438892494055e-05 13815 7.238508867173362e-05
2 4 18465 5.415651232060655e-05 13793 7.250054375407815e-05
2 5 18440 5.422993492407809e-05 13773 7.260582298700355e-05
2 6 18418 5.42947116950809e-05 13756 7.269555103227682e-05
