1 1 4.320964505968427e-05
1 2 4.2388183991631584e-05
1 3 -2.5725666535144232e-05
1 4 -6.282760451076908e-05
1 5 -9.986949392434388e-05
1 6 -0.00015744706814668026
1 7 -0.0002603603122389432
1 8 -0.0002420569947915796
1 9 -0.0002681901181630015
1 10 -0.00035921868517214446

2 1 9.204707170596196e-05
2 2 -1.7685043409072267e-06
2 3 -4.0660198440936515e-05
2 4 -0.00017086524633365966
2 5 -0.00027684357286033174
2 6 -0.0004470329266470691
1 1 4.320964505968427e-05
1 2 4.2388183991631584e-05
1 1 4.320964505968427e-05
1 2 4.2388183991631584e-05
1 3 -2.5725666535144232e-05
1 4 -6.282760451076908e-05
1 5 -9.986949392434388e-05
1 6 -0.00015744706814668026
1 7 -0.0002603603122389432
1 8 -0.0002420569947915796
1 9 -0.0002681901181630015
1 10 -0.00035921868517214446

2 1 9.204707170596196e-05
2 2 -1.7685043409072267e-06
2 3 -4.0660198440936515e-05
2 4 -0.00017086524633365966
2 5 -0.00027684357286033174
2 6 -0.0004470329266470691
2 7 -0.00044452956182383863
2 8 -0.0004186486284074606
2 9 -0.0004914289198023074
2 10 -0.00012569869157735405

3 1 0.00014488321946093917
3 2 -3.886476807962822e-05
3 3 -0.0005135918102108639
3 4 -0.00027925769274237994
3 5 -0.0001624476889283434
3 6 9.573144541606323e-05
3 7 0.001482011806140409
3 8 0.004886201397889829
3 9 0.005093213609228811
3 10 0.008120104846238969

4 1 0.00020572480865532414
4 2 -0.00025492288474325726
4 3 4.626750167635471e-05
4 4 -0.0007455666754497308
4 5 0.0025960088548074457
4 6 -0.0011040158595922648
4 7 0.008157224800557878
4 8 0.0027262714743922253
4 9 0.016418616267955478
4 10 0.00839931201280583

5 1 0.0006363862737879201
5 2 -0.0005585488869538905
5 3 -0.000988052677509383
5 4 -0.0006891501542676517
5 5 -0.0008215351334691871
5 6 0.005583769058850365
5 7 0.000515611902930197
5 8 0.0051183665999975266
5 9 0.0139789089338495
5 10 0.0016315521230613422

6 1 0.0016081320361285
6 2 0.0012493620395482503
6 3 0.00021933087786032063
6 4 0.004570211857996578
6 5 0.009620688235314558
6 6 0.0033520399254122046
6 7 0.008302921850160051
6 8 0.018313851110579007
6 9 -0.00021523793278390872
6 10 0.00033611419292538117

7 1 0.001434696879786531
7 2 -0.0003178524206883124
7 3 -0.00043244750511745256
7 4 0.006090607042272902
7 5 0.00977442271161008
7 6 0.0071689877181998285
7 7 0.012831517248239223
7 8 0.021580516479588245
7 9 0.02951752307489599
7 10 0.0042845358867937625

8 1 0.0019280802147282595
8 2 -0.0013057265445511862
8 3 -0.0013703426992202564
8 4 -0.0016621912134287746
8 5 0.012209115203801087
8 6 -0.004145644814089305
8 7 -0.004994278901659017
8 8 -0.0037597383870282787
8 9 0.017788936240641755
8 10 -0.02768924841529204

9 1 0.00046491065725875883
9 2 -0.0021226400665666375
9 3 -0.001044396026053461
9 4 0.009407762400136022
9 5 0.0067393563809171105
9 6 -0.008970908372833363
9 7 -0.003140896314941235
9 8 0.008781673006119525
9 9 0.006121331961163292
9 10 -0.006529103408672733

10 1 4.659101597780811e-05
10 2 -0.001338001056562
10 3 -0.004001858338963053
10 4 0.008491375784283927
10 5 0.00416687399990279
10 6 -0.006365074493414346
10 7 -0.015540420110535436
10 8 -0.011731027330131144
10 9 0.015919074355046796
10 10 0.016700853802934963

11 1 0.0004960484147736844
11 2 -0.001840325803989051
11 3 -0.0025896130099778937
11 4 -0.006290048522313778
11 5 -0.01088513215894114
11 6 -0.012597409034026608
11 7 -0.005481129194481219
11 8 -0.006177648928165446
11 9 -0.0005743931430658572
11 10 -0.017499176696642645

12 1 0.0006641710025811047
12 2 -0.0024094795425502412
12 3 -0.0007392397750246942
12 4 0.006658049835399936
12 5 0.0371077858463146
12 6 -0.0036511572044329566
12 7 -0.027195404163755658
12 8 -0.029475650959001027
12 9 -0.01775073985995255
12 10 -0.0120893811545026

13 1 0.0008225868989193806
13 2 -0.0007613127203958923
13 3 0.009161585554102198
13 4 0.01286011872599317
13 5 0.0011053757842384461
13 6 0.0047355803556039106
13 7 0.002522687979069068
13 8 -0.015307407733467454
13 9 0.00031438695070051066
13 10 -0.019381473652258587

14 1 0.00026005527108075813
14 2 -0.0018290322891745482
14 3 -0.0024203479891480835
14 4 0.008379330577581674
14 5 0.004573782843695043
14 6 -0.008115741238000152
14 7 -0.0035168043954407497
14 8 -0.02875481437437025
14 9 -0.02161090152210807
14 10 -0.029242524061785326

15 1 -0.0003536333241982734
15 2 -0.001114278374064462
15 3 -0.002432005691744208
15 4 -0.003621334325968181
15 5 -0.005561281746868872
15 6 -0.018615773793429366
15 7 -0.025430804334919146
15 8 -0.05465582699769582
15 9 -0.060952811630365276
15 10 -0.02144272747491015

16 1 0.0020021048657329916
16 2 -0.00046138281431547376
16 3 0.0016513995017404168
16 4 -0.0034006668216598128
16 5 0.0036245603047271053
16 6 -0.018284308027814652
16 7 -0.025757028348627423
16 8 -0.015394302983152672
16 9 -0.015378815181050363
16 10 -0.040026954012268044

17 1 0.002667025693108794
17 2 0.00412037073091394
17 3 0.0011792748059862794
17 4 0.004100033425939705
17 5 0.003985105279131543
17 6 0.0018097667222478717
17 7 -0.03416213399093092
17 8 -0.03225981607158153
17 9 -0.022980128203330782
17 10 -0.029516716081651354

18 1 0.0025742396887508826
18 2 0.003034419452114166
18 3 0.002674571652200467
18 4 0.0006690395279407696
18 5 -0.010974809921430254
18 6 -0.021297541754970013
18 7 -0.019780874762603963
18 8 -0.038692467920285425
18 9 -0.02675840663766446
18 10 -0.007031327160345586

19 1 -0.0012808813938216402
19 2 -0.0047893087727305375
19 3 -0.0016205233644554767
19 4 -0.014540031065674511
19 5 -0.018888526058354397
19 6 -0.026894354932495788
19 7 -0.030740359229211152
19 8 -0.0004119781817707711
19 9 -0.03748615127928026
19 10 -0.01487046728122009

20 1 0.006254817360635977
20 2 0.0019168271725494108
20 3 -0.00024446321245537555
20 4 0.010258293874139186
20 5 -0.00263226183739416
20 6 -0.004476915150937904
20 7 0.01929414070295178
20 8 -0.003126624188802313
20 9 -0.022048012378227462
20 10 -0.03652665300989988

21 1 0.0031561398403994073
21 2 0.008592873661509782
21 3 0.00243744825355144
21 4 -0.001868906806718589
21 5 -0.016443924622114116
21 6 -0.012715013557889496
21 7 0.01157218370477766
21 8 0.007563253839444348
21 9 -0.016597767905653243
21 10 -0.04444285911292163

22 1 0.003711189140523905
22 2 0.00034845962372847964
22 3 -0.01214371355361329
22 4 -0.009424709893693118
22 5 0.0004856867325539582
22 6 -0.021132398718671223
22 7 -0.01492303023518042
22 8 -0.046624183526688845
22 9 -0.06397632074528313
22 10 -0.061088295613582456

23 1 -0.0017981717524983678
23 2 -0.005897677167689246
23 3 -0.0050401195282384235
23 4 -0.014431606703979591
23 5 -0.021553670076998155
23 6 -0.003773357418762802
23 7 0.0038310549559466517
23 8 0.006950952791423059
23 9 -0.023935727695733162
23 10 -0.03939163347881229

24 1 0.005876765962610197
24 2 0.0028942870461904956
24 3 0.015631301477400567
24 4 0.02628146880950875
24 5 0.020839436618276714
24 6 0.0022084488405452033
24 7 -0.0006009682260729553
24 8 -0.0027237267011239095
24 9 -0.013814520857519132
24 10 -0.01576983548917073

25 1 0.0009636194395155567
25 2 0.004609634087987905
25 3 0.008010204224953485
25 4 0.0103180755825678
25 5 0.012312122351845072
25 6 0.045834087414174815
25 7 0.06015059072242095
25 8 0.019573516705975267
25 9 -0.024332465641471006
25 10 -0.036498195994706856

26 1 -0.001983160799949836
26 2 -0.0022692349532249115
26 3 -0.0021833103763109706
26 4 -0.004198442817540798
26 5 -0.01303873913397078
26 6 -0.03263231645441614
26 7 -0.04593945387345672
26 8 -0.035347319131948385
26 9 -0.03491905355644636
26 10 -0.045820255826995886

27 1 0.011394584135824407
27 2 0.02325936311787029
27 3 0.012168931071104252
27 4 -0.013302534745768372
27 5 -0.044378172576841256
27 6 -0.0336650493129603
27 7 -0.050286334920008315
27 8 -0.03452658422792327
27 9 -0.024991902331588482
27 10 -0.013637210163984797

28 1 0.00688692619392862
28 2 0.021058595731081386
28 3 0.009930221927595618
28 4 0.06064959343838708
28 5 0.013527939853692264
28 6 -0.01987822984520527
28 7 -0.007949396589059408
28 8 -0.025415958940084155
28 9 -0.020414929197369477
28 10 -0.012630223663246683

29 1 -0.0008328518501561199
29 2 -0.0032891062743744728
29 3 -0.012444945470380789
29 4 -0.01470056292020474
29 5 -0.02448049510071252
29 6 -0.02937771739675948
29 7 -0.0026588218286019223
29 8 -0.0059631416778101465
29 9 -0.016378288883873764
29 10 -0.02692690442109335

30 1 0.004127151549509392
30 2 -0.0007410500653903395
30 3 0.004962842698706794
30 4 0.0047846468207925945
30 5 -0.0018695675525360516
30 6 -0.01687356753927087
30 7 -0.011936655923572464
30 8 -0.03177167643725428
30 9 -0.020573785845538487
30 10 -0.02907740717884971

31 1 0.005096298320541336
31 2 0.007111002498590083
31 3 -0.0027616451255981656
31 4 -0.00500521439363525
31 5 -0.018370674270770212
31 6 -0.047239818269468166
31 7 -0.03972114122197591
31 8 -0.03954254147646193
31 9 -0.026399419144566495
31 10 -0.03381109562773818

32 1 0.0016300950721703804
32 2 0.0003717196547907203
32 3 0.005334166224828229
32 4 -0.011375158919461845
32 5 -0.022776468988838696
32 6 -0.012764706352956836
32 7 -0.010035484569151966
32 8 -0.0031730172499835384
32 9 -0.008663650214036919
32 10 -0.02569176681209571

33 1 0.0011222392972764185
33 2 -0.00015820640919955936
33 3 -0.005887562182420974
33 4 -0.012075275084243203
33 5 -0.025689821279298614
33 6 -0.0368470364167217
33 7 -0.022103152896950383
33 8 -0.027988693213129155
33 9 -0.028053150050574134
33 10 -0.039279079404608716

34 1 0.006826264375797121
34 2 0.008302058490691794
34 3 0.008435816155011041
34 4 -0.0054734400887723345
34 5 -0.01445743198377625
34 6 -0.0164580504462246
34 7 -0.005937046788486322
34 8 -0.01765403203395954
34 9 -0.03176003640545254
34 10 -0.03918634880446866

35 1 0.0022911303941763154
35 2 0.005583826468001074
35 3 -0.0062659666035173546
35 4 -0.005647540518458227
35 5 0.044192887658334803
35 6 0.021238781238916458
35 7 0.004072461428614374
35 8 -0.00452731289918211
35 9 -0.017408156369752754
35 10 -0.03704844571946071

36 1 0.000614867361800075
36 2 0.008541493277121937
36 3 0.0413456798503463
36 4 0.04872811951398914
36 5 0.041710268441140085
36 6 0.06403603467849804
36 7 0.03260584131594975
36 8 0.009421183178176277
36 9 -0.033088898426000636
36 10 -0.04989228582786395

37 1 0.0044386037877524286
37 2 0.005724531237721223
37 3 -0.010395511949315353
37 4 -0.021479073947204174
37 5 -0.0034490764076832913
37 6 0.010076500610008263
37 7 0.008081295405140836
37 8 -0.00576814645587831
37 9 -0.03690578617065137
37 10 -0.056739873374273546

38 1 -0.0007093867970502188
38 2 -0.0069360683342800395
38 3 -0.006475835476365025
38 4 0.0004792092117844816
38 5 -0.0023524203449679475
38 6 -0.013540882709062728
38 7 -0.014695901919805923
38 8 -0.02626486604342355
38 9 -0.033452287802913865
38 10 -0.04224289088345507

39 1 0.005594016824423062
39 2 0.0018108386289814446
39 3 -0.0006341003442698744
39 4 0.0025199582005505875
39 5 0.019881290734940497
39 6 -0.01732510307450161
39 7 0.005877877554476106
39 8 -0.023273897181657472
39 9 -0.05017265380154243
39 10 -0.05263443195314349

40 1 -0.0011382874683440172
40 2 0.006700510265874789
40 3 -0.007017602059112691
40 4 -0.013797155709254116
40 5 0.013927875696003653
40 6 -0.021034719382720838
40 7 -0.028322881918907056
40 8 -0.03825785864574839
40 9 -0.04147029974602179
40 10 -0.04910823187336862

41 1 0.002881812151279005
41 2 0.010205060793967867
41 3 0.009053332269642913
41 4 -0.02258522046868828
41 5 -0.0248056834840614
41 6 -0.020357823049752692
41 7 -0.018785461968654667
41 8 -0.05022178044343141
41 9 -0.05948407764977212
41 10 -0.0611030952920378

42 1 0.006219206141671146
42 2 0.009043785253018981
42 3 0.006643873154072746
42 4 0.023844205865149414
42 5 0.036638507715996096
42 6 0.009055554811490339
42 7 -0.016283174198905796
42 8 -0.05107341378776942
42 9 -0.054991164322528104
42 10 -0.06000790181196006

43 1 0.006571320289537741
43 2 0.002987010170036426
43 3 0.029138335390854773
43 4 0.028045885658570475
43 5 0.019172521937415327
43 6 -0.04347291853855416
43 7 -0.039428464799200605
43 8 -0.052067115605803495
43 9 -0.0608596713788261
43 10 -0.06421710997952014

44 1 0.0055417662756974745
44 2 0.001774180926453104
44 3 -0.006408897809305156
44 4 0.01014835714768135
44 5 0.0228603724767588
44 6 0.0267473955290282
44 7 0.012768641336641691
44 8 -0.02548765236565928
44 9 -0.04823639821320552
44 10 -0.05618370958288545

45 1 -0.004140815268022679
45 2 -0.009336337211848542
45 3 -0.02524406844857279
45 4 -0.033823368492690895
45 5 -0.02284768581596671
45 6 -0.04669430798343981
45 7 -0.043932130986664535
45 8 -0.054106227052086495
45 9 -0.05562983073306746
45 10 -0.06114798666264251

46 1 -0.0005920716017149045
46 2 -0.0015808418267126432
46 3 0.03614825036998236
46 4 -0.008893392951319662
46 5 -0.002622146673630696
46 6 -0.00752673930230887
46 7 -0.017163015477661372
46 8 -0.03862335417781345
46 9 -0.05456121139902705
46 10 -0.06365913871752316

47 1 0.012761966363583985
47 2 0.019293154336095967
47 3 0.010380522487329806
47 4 -0.006478355078420966
47 5 0.012876218457389201
47 6 0.000728044598324606
47 7 -0.028337177120988506
47 8 -0.05803709383096957
47 9 -0.06893158926788201
47 10 -0.0697224143183977

48 1 0.004933798373077541
48 2 -0.00899389569415819
48 3 -0.015642678965789435
48 4 0.01118239576248589
48 5 0.0049369185271580605
48 6 -0.020501429657193794
48 7 -0.018439446553728662
48 8 -0.03996299932500602
48 9 -0.06131759881190265
48 10 -0.06989863768202843

49 1 0.0064081800864141305
49 2 0.017528022656705243
49 3 0.03973086226809877
49 4 0.02943937850149103
49 5 0.04995407805475127
49 6 0.010746676718489862
49 7 -0.014902971909527439
49 8 -0.0420223644212523
49 9 -0.052197328800490536
49 10 -0.061536897769728344

50 1 0.009462156668868018
50 2 0.018932566035434743
50 3 0.019311164466849638
50 4 0.00342165907537882
50 5 0.05562623110356051
50 6 0.011742428633371724
50 7 -0.03564101251936021
50 8 -0.0721236872880433
50 9 -0.07030281553712356
50 10 -0.06724404268383653

51 1 -0.004609415557932258
51 2 0.0014561002898861265
51 3 -0.007124323579434979
51 4 0.007924516599979368
51 5 0.027408185761850504
51 6 0.00873050209012297
51 7 -0.02294345310782878
51 8 -0.04154819220480723
51 9 -0.05394339644713086
51 10 -0.0559510298637506

